%% myscan image 218 scan 215 10 steps with initial velocity
error_norm = 0.1005
dt = 0.12033 dt1 = -0.024342 dt2 = -0.044646
T_gt_c_ford = [-0.0080124 0.0026851 0.50813]
T_Rerror_normAC_c_Ford = [6.765e-05 -0.035092 0.41539]


error_norm = 0.0938
dt = 0.12039 dt1 = -0.044646 dt2 = 0.034948
T_gt_c_ford = [-0.0096386 0.010125 0.49361]
T_Rerror_normAC_c_Ford = [-0.036995 -0.034679 0.57137]

error_norm = 0.0292
dt = 0.12038 dt1 = 0.034948 dt2 = 0.014557
T_gt_c_ford = [-0.011206 0.016416 0.48207]
T_Rerror_normAC_c_Ford = [-0.0066383 0.0032759 0.45637]



error_norm = 0.0625
dt = 0.12051 dt1 = 0.014557 dt2 = -0.005891
T_gt_c_ford = [-0.0074844 0.012377 0.47296]
T_Rerror_normAC_c_Ford = [-0.0008006 -0.047905 0.458]

error_norm = 0.0358
dt = 0.12039 dt1 = -0.005891 dt2 = -0.026195
T_gt_c_ford = [0.0047847 -0.00049794 0.47562]
T_Rerror_normAC_c_Ford = [-0.00089684 0.019052 0.50504]

error_norm = 0.2939
dt = 0.12051 dt1 = -0.026195 dt2 = -0.046618
T_gt_c_ford = [0.01633 -0.019584 0.47737]
T_Rerror_normAC_c_Ford = [-0.036635 0.20947 0.65371]


error_norm = 0.1601
dt = 0.12039 dt1 = -0.046618 dt2 = 0.032973
T_gt_c_ford = [0.015758 -0.023196 0.45915]
T_Rerror_normAC_c_Ford = [0.085439 0.051964 0.33615]


error_norm = 0.1087
dt = 0.12051 dt1 = 0.032973 dt2 = 0.012521
T_gt_c_ford = [0.0044897 -0.014359 0.43568]
T_Rerror_normAC_c_Ford = [-0.077909 -0.005341 0.50607]


error_norm = 0.0255
dt = 0.12039 dt1 = 0.012521 dt2 = -0.0078377
T_gt_c_ford = [-0.0082458 -0.013229 0.44215]
T_Rerror_normAC_c_Ford = [0.0071151 -0.030625 0.45271]

error_norm = 0.1033
dt = 0.12051 dt1 = -0.0078377 dt2 = -0.028425
T_gt_c_ford = [-0.011569 0.01043 0.37595]
T_Rerror_normAC_c_Ford = [-0.03812 0.012002 0.47575]

error_norm = 
    0.0542


dt = 0.12039 dt1 = -0.028425 dt2 = -0.04882
T_gt_c_ford = [-0.013969 0.024326 0.37182]
T_Rerror_normAC_c_Ford = [-0.024337 -0.019566 0.34173]
%% without velocity 


error_norm =

    0.0890


dt = 0.12033 dt1 = -0.024342 dt2 = -0.044646
T_gt_c_ford = [-0.0080124 0.0026851 0.50813]
T_Rerror_normAC_c_Ford = [-0.014231 -0.0033388 0.4196]


error_norm =

    0.2674


dt = 0.12039 dt1 = -0.044646 dt2 = 0.034948
T_gt_c_ford = [-0.0096386 0.010125 0.49361]
T_Rerror_normAC_c_Ford = [-0.011581 -0.15198 0.70629]

error_norm =

    0.0270


dt = 0.12038 dt1 = 0.034948 dt2 = 0.014557
T_gt_c_ford = [-0.011206 0.016416 0.48207]
T_Rerror_normAC_c_Ford = [-0.00020586 0.00063583 0.46308]


error_norm =

    0.0959


dt = 0.12051 dt1 = 0.014557 dt2 = -0.005891
T_gt_c_ford = [-0.0074844 0.012377 0.47296]
T_Rerror_normAC_c_Ford = [-0.0051536 0.019999 0.37736]

error_norm =

    0.0323


dt = 0.12039 dt1 = -0.005891 dt2 = -0.026195
T_gt_c_ford = [0.0047847 -0.00049794 0.47562]
T_Rerror_normAC_c_Ford = [-0.013832 0.02563 0.47218]

error_norm =

    0.1192


dt = 0.12051 dt1 = -0.026195 dt2 = -0.046618
T_gt_c_ford = [0.01633 -0.019584 0.47737]
T_Rerror_normAC_c_Ford = [-0.016749 0.09495 0.47595]

error_norm =

    0.1567


dt = 0.12039 dt1 = -0.046618 dt2 = 0.032973
T_gt_c_ford = [0.015758 -0.023196 0.45915]
T_Rerror_normAC_c_Ford = [0.12216 -0.13622 0.43804]

error_norm =

    0.0879


dt = 0.12051 dt1 = 0.032973 dt2 = 0.012521
T_gt_c_ford = [0.0044897 -0.014359 0.43568]
T_Rerror_normAC_c_Ford = [-0.050383 0.019399 0.37587]

error_norm =

    0.0524


dt = 0.12039 dt1 = 0.012521 dt2 = -0.0078377
T_gt_c_ford = [-0.0082458 -0.013229 0.44215]
T_Rerror_normAC_c_Ford = [0.0060053 0.0018664 0.394]

error_norm =

    0.0386


dt = 0.12051 dt1 = -0.0078377 dt2 = -0.028425
T_gt_c_ford = [-0.011569 0.01043 0.37595]
T_Rerror_normAC_c_Ford = [-0.020383 0.027857 0.40927]

error_norm =

    0.0718


dt = 0.12039 dt1 = -0.028425 dt2 = -0.04882
T_gt_c_ford = [-0.013969 0.024326 0.37182]
T_Rerror_normAC_c_Ford = [-0.028958 0.047097 0.30535]

%% myCONFIG.STEP.START = 315; with ground truth velocity

error_norm =

    0.0198


dt = 0.1205 dt1 = 0.020974 dt2 = 0.000388
T_gt_c_ford = [-0.0012206 0.0034106 0.10127]
T_Rerror_normAC_c_Ford = [-0.0033812 -0.015512 0.10674]

error_norm =

    0.0346


dt = 0.12036 dt1 = 0.000388 dt2 = -0.020226
T_gt_c_ford = [-0.0014703 0.00033546 0.094249]
T_Rerror_normAC_c_Ford = [-0.0017762 -0.033907 0.089124]

error_norm =

    0.0188


dt = 0.12051 dt1 = -0.020226 dt2 = -0.040956
T_gt_c_ford = [-0.0010401 0.0047498 0.082572]
T_Rerror_normAC_c_Ford = [-0.0019224 -0.01108 0.072504]

error_norm =

    0.0237


dt = 0.12039 dt1 = -0.040956 dt2 = 0.03832
T_gt_c_ford = [-0.0011013 -0.0022171 0.083759]
T_Rerror_normAC_c_Ford = [-0.011454 0.017713 0.076089]

error_norm =

    0.0115


dt = 0.12051 dt1 = 0.03832 dt2 = 0.01775
T_gt_c_ford = [-0.00087997 0.000119 0.067465]
T_Rerror_normAC_c_Ford = [-0.0076263 -0.0038165 0.075841]

error_norm =

    0.0206


dt = 0.12039 dt1 = 0.01775 dt2 = -0.0026948
T_gt_c_ford = [-0.00074432 0.0029025 0.058911]
T_Rerror_normAC_c_Ford = [-0.00040024 0.023322 0.05622]

error_norm =

    0.0230


dt = 0.12052 dt1 = -0.0026948 dt2 = -0.023429
T_gt_c_ford = [-0.00055613 0.00097568 0.052564]
T_Rerror_normAC_c_Ford = [-0.0048952 0.018629 0.066693]

error_norm =

    0.0146


dt = 0.12038 dt1 = -0.023429 dt2 = -0.043998
T_gt_c_ford = [-0.00059753 -0.00064278 0.046741]
T_Rerror_normAC_c_Ford = [-0.0016148 -0.013563 0.053445]

error_norm =

    0.0265


dt = 0.12039 dt1 = -0.043998 dt2 = 0.035277
T_gt_c_ford = [-0.0003627 0.004361 0.036861]
T_Rerror_normAC_c_Ford = [-0.00084215 -0.020624 0.045611]

error_norm =

    0.0119


dt = 0.12051 dt1 = 0.035277 dt2 = 0.014578
T_gt_c_ford = [-0.00035407 0.001427 0.03091]
T_Rerror_normAC_c_Ford = [0.000491 0.012064 0.036151]

error_norm =

    0.0115


dt = 0.12038 dt1 = 0.014578 dt2 = -0.00599
T_gt_c_ford = [-0.00014248 0.00094142 0.023814]
T_Rerror_normAC_c_Ford = [-0.00083466 -0.0096885 0.028086]

%% myCONFIG.STEP.START = 315; without ground truth velocity

error_norm =

    0.0136


dt = 0.1205 dt1 = 0.020974 dt2 = 0.000388
T_gt_c_ford = [-0.0012206 0.0034106 0.10127]
T_Rerror_normAC_c_Ford = [-0.0043583 -0.0046864 0.090811]

error_norm =

    0.0252


dt = 0.12036 dt1 = 0.000388 dt2 = -0.020226
T_gt_c_ford = [-0.0014703 0.00033546 0.094249]
T_Rerror_normAC_c_Ford = [-0.0039078 -0.018879 0.078173]

error_norm =

    0.0273


dt = 0.12051 dt1 = -0.020226 dt2 = -0.040956
T_gt_c_ford = [-0.0010401 0.0047498 0.082572]
T_Rerror_normAC_c_Ford = [-0.0017346 -0.010505 0.059996]

error_norm =

    0.0401


dt = 0.12039 dt1 = -0.040956 dt2 = 0.03832
T_gt_c_ford = [-0.0011013 -0.0022171 0.083759]
T_Rerror_normAC_c_Ford = [-0.012426 -0.0083389 0.12172]

error_norm =

    0.0207


dt = 0.12051 dt1 = 0.03832 dt2 = 0.01775
T_gt_c_ford = [-0.00087997 0.000119 0.067465]
T_Rerror_normAC_c_Ford = [-0.0050384 0.017376 0.056834]

error_norm =

    0.0395


dt = 0.12039 dt1 = 0.01775 dt2 = -0.0026948
T_gt_c_ford = [-0.00074432 0.0029025 0.058911]
T_Rerror_normAC_c_Ford = [-0.0039583 0.038395 0.041801]

error_norm =

    0.0236


dt = 0.12052 dt1 = -0.0026948 dt2 = -0.023429
T_gt_c_ford = [-0.00055613 0.00097568 0.052564]
T_Rerror_normAC_c_Ford = [-0.0021463 0.023332 0.045306]

error_norm =

    0.0092


dt = 0.12038 dt1 = -0.023429 dt2 = -0.043998 
T_gt_c_ford = [-0.00059753 -0.00064278 0.046741]
T_Rerror_normAC_c_Ford = [-0.0012715 -0.0097411 0.045978]

error_norm =

    0.0368


dt = 0.12039 dt1 = -0.043998 dt2 = 0.035277
T_gt_c_ford = [-0.0003627 0.004361 0.036861]
T_Rerror_normAC_c_Ford = [-0.0010667 -0.018947 0.065281]

error_norm =

    0.0092


dt = 0.12051 dt1 = 0.035277 dt2 = 0.014578
T_gt_c_ford = [-0.00035407 0.001427 0.03091]
T_Rerror_normAC_c_Ford = [0.00024236 0.0098744 0.034541]

error_norm =

    0.0126


dt = 0.12038 dt1 = 0.014578 dt2 = -0.00599
T_gt_c_ford = [-0.00014248 0.00094142 0.023814]
T_Rerror_normAC_c_Ford = [-0.00090902 -0.011615 0.024408]


%% step 215 initial velocity 

error_norm =

    0.0634


dt = 0.24072 dt1 = -0.024342 dt2 = 0.034948
T_gt_c_ford = [-0.018044 0.011483 1.0018]
T_Rerror_normAC_c_Ford = [-0.04129 -0.042928 0.97891]

error_norm =

    0.0999


