1482.74	-27.9419	-40.0298	-27.9419	1.02681	0.754552	-40.0298	0.754552	1.5811	
122.243	1.39737	-0.00710818	1.39737	0.516333	0.000626674	-0.00710818	0.000626674	0.50171	
2073.84	-55.4406	77.2732	-55.4406	1.9825	-2.0663	77.2732	-2.0663	3.38	
875.023	-9.6915	-40.2223	-9.6915	0.607404	0.445769	-40.2223	0.445769	2.3502	
283.514	-3.04905	-16.113	-3.04905	0.532851	0.173552	-16.113	0.173552	1.4182	
144.47	-6.43113	-2.2571	-6.43113	0.787401	0.101263	-2.2571	0.101263	0.536946	
3205.02	-41.0846	-31.5728	-41.0846	1.02677	0.404787	-31.5728	0.404787	0.811074	
2632.18	-49.4552	-92.1692	-49.4552	1.42938	1.73209	-92.1692	1.73209	3.72807	
5.36772	-0.039939	1.17268	-0.039939	0.500381	-0.0079766	1.17268	-0.0079766	0.833737	
1045.46	7.06273	-35.8794	7.06273	0.547777	-0.242582	-35.8794	-0.242582	1.73209	
4048.07	-72.0536	-65.2932	-72.0536	1.78267	1.16233	-65.2932	1.16233	1.55328	
1151.71	13.9706	13.4658	13.9706	0.669622	0.163499	13.4658	0.163499	0.657597	
231.855	3.31031	-4.27665	3.31031	0.547522	-0.0608218	-4.27665	-0.0608218	0.579928	
365.742	0.931683	-27.5726	0.931683	0.502439	-0.0705223	-27.5726	-0.0705223	2.58205	
352.799	2.27808	-6.43048	2.27808	0.514736	-0.0416379	-6.43048	-0.0416379	0.61803	
846.192	3.99995	-47.9569	3.99995	0.519156	-0.226868	-47.9569	-0.226868	3.21952	
411.45	-18.3593	-3.54298	-18.3593	1.32046	0.158005	-3.54298	0.158005	0.530842	
120.935	-1.68882	10.4404	-1.68882	0.523712	-0.146157	10.4404	-0.146157	1.40706	
827.696	-12.1037	2.98661	-12.1037	0.677292	-0.0438108	2.98661	-0.0438108	0.510848	
52.7191	-2.41937	-1.94424	-2.41937	0.612948	0.0882597	-1.94424	0.0882597	0.576253	
97.1479	-0.631822	2.52027	-0.631822	0.504288	-0.0158645	2.52027	-0.0158645	0.568099	
2711.74	-48.1787	-45.6844	-48.1787	1.35618	0.81181	-45.6844	0.81181	1.26978	
1262.8	-30.964	49.6199	-30.964	1.25962	-1.21724	49.6199	-1.21724	2.45058	
253.867	0.0863156	6.00993	0.0863156	0.500063	0.00222109	6.00993	0.00222109	0.64346	
779.85	-14.6608	28.4297	-14.6608	0.77586	-0.534693	28.4297	-0.534693	1.53728	
2392.39	-67.9873	77.0915	-67.9873	2.43247	-2.19126	77.0915	-2.19126	2.98474	
1041.78	4.76628	-16.6967	4.76628	0.521824	-0.07639	-16.6967	-0.07639	0.767911	
172.605	-3.29409	-2.21873	-3.29409	0.563184	0.0420524	-2.21873	0.0420524	0.529869	
1690.25	-41.3539	47.7617	-41.3539	1.51212	-1.16894	47.7617	-1.16894	1.85005	
1125.97	-31.0771	2.65078	-31.0771	1.35815	-0.073129	2.65078	-0.073129	0.506384	
2348.72	-82.1048	-3.30629	-82.1048	3.3708	0.115632	-3.30629	0.115632	0.504683	
1822.98	-35.4687	48.9465	-35.4687	1.19034	-0.952623	48.9465	-0.952623	1.81458	
811.307	7.04186	-80.0044	7.04186	0.561159	-0.694831	-80.0044	-0.694831	8.3945	
80.2421	-0.279919	-3.17118	-0.279919	0.501001	0.0108973	-3.17118	0.0108973	0.629178	
0.631884	0.501253	0.0234916	0.501253	4.1858	0.279653	0.0234916	0.279653	0.524536	
213.792	-1.15342	64.8787	-1.15342	0.506358	-0.350498	64.8787	-0.350498	20.2356	
1179.95	-4.57211	-122.144	-4.57211	0.517726	0.473508	-122.144	0.473508	13.1495	
3688.5	-5.35594	-242.03	-5.35594	0.507782	0.351483	-242.03	0.351483	16.3835	
714.427	-45.8359	171.219	-45.8359	3.44278	-10.9927	171.219	-10.9927	41.5635	
3837.93	-149.201	539.249	-149.201	6.301	-20.9663	539.249	-20.9663	76.2773	
4336.32	-55.6366	-372.32	-55.6366	1.21393	4.77757	-372.32	4.77757	32.4715	
629.059	-12.2582	107.805	-12.2582	0.739062	-2.10244	107.805	-2.10244	18.9901	
2019.11	-20.6779	85.1405	-20.6779	0.711819	-0.872138	85.1405	-0.872138	4.09112	
1.65467	-0.15016	1.50726	-0.15016	0.519608	-0.191891	1.50726	-0.191891	2.67865	
4655.59	46.4003	-380.98	46.4003	0.962501	-3.79747	-380.98	-3.79747	31.6799	
4540.35	26.1248	-357.294	26.1248	0.650337	-2.05607	-357.294	-2.05607	28.6196	
3963.08	12.3257	-338.855	12.3257	0.538341	-1.05401	-338.855	-1.05401	29.4768	
1.86883	0.496411	-0.528668	0.496411	0.784963	-0.28161	-0.528668	-0.28161	0.781175	
0.513213	0.217175	0.892284	0.217175	4.68013	17.0331	0.892284	17.0331	69.9337	
4238.19	-3.602	-333.319	-3.602	0.503066	0.283314	-333.319	0.283314	26.7175	
57.4304	3.84941	-0.640917	3.84941	0.763232	-0.041318	-0.640917	-0.041318	0.508597	
0.502365	0.0199668	-0.126225	0.0199668	0.775693	-1.34623	-0.126225	-1.34623	7.97178	
0.503843	-0.201682	-0.533403	-0.201682	11.144	28.188	-0.533403	28.188	75.1722	
811.307	7.04186	-80.0044	7.04186	0.561159	-0.694831	-80.0044	-0.694831	8.3945	
80.3445	-0.263235	-3.17805	-0.263235	0.500885	0.0102515	-3.17805	0.0102515	0.62956	
213.792	-1.15342	64.8787	-1.15342	0.506358	-0.350498	64.8787	-0.350498	20.2356	
1179.95	-4.57211	-122.144	-4.57211	0.517726	0.473508	-122.144	0.473508	13.1495	
3750.89	-2.99333	-247.153	-2.99333	0.502392	0.197256	-247.153	0.197256	16.7875	
714.427	-45.8359	171.219	-45.8359	3.44278	-10.9927	171.219	-10.9927	41.5635	
3320.41	-134.071	459.645	-134.071	5.91433	-18.5623	459.645	-18.5623	64.1382	
4391.28	-54.5866	-378.826	-54.5866	1.17863	4.7096	-378.826	4.7096	33.1843	
580.339	-12.6246	98.669	-12.6246	0.774869	-2.14827	98.669	-2.14827	17.2905	
2040.39	-21.1427	85.8561	-21.1427	0.719137	-0.889854	85.8561	-0.889854	4.11363	
4593.4	46.3542	-377.486	46.3542	0.967834	-3.8098	-377.486	-3.8098	31.5252	
2850.46	14.7268	-256.499	14.7268	0.576101	-1.32542	-256.499	-1.32542	23.5852	
3943.77	12.2086	-336.923	12.2086	0.5378	-1.04313	-336.923	-1.04313	29.2876	
3.83433	0.857967	-1.05449	0.857967	0.760642	-0.308584	-1.05449	-0.308584	0.868282	
0.501776	-0.158134	0.997259	-0.158134	17.0845	-104.666	0.997259	-104.666	661.051	
4238.19	-3.602	-333.319	-3.602	0.503066	0.283314	-333.319	0.283314	26.7175	
57.5951	3.8694	-0.641924	3.8694	0.765171	-0.0414902	-0.641924	-0.0414902	0.508598	
0.506164	0.089549	-0.395062	0.089549	1.80831	-5.80889	-0.395062	-5.80889	26.4783	
0.846681	-1.18036	-3.23409	-1.18036	4.55974	11.1501	-3.23409	11.1501	31.1414	
816.56	7.30417	-80.6027	7.30417	0.565377	-0.721427	-80.6027	-0.721427	8.46143	
69.7182	-0.199939	-3.16889	-0.199939	0.500602	0.00886178	-3.16889	0.00886178	0.648612	
249.187	-1.22713	75.107	-1.22713	0.506096	-0.370419	75.107	-0.370419	23.1843	
1181.2	-4.33479	-122.05	-4.33479	0.515916	0.448109	-122.05	0.448109	13.1167	
3605.53	-2.33367	-236.195	-2.33367	0.501514	0.152891	-236.195	0.152891	15.9751	
654.469	-36.6583	157.441	-36.6583	2.55494	-8.82548	157.441	-8.82548	38.4036	
3555.46	-147.128	488.762	-147.128	6.58917	-20.2283	488.762	-20.2283	67.6987	
4380.45	-54.2935	-377.727	-54.2935	1.17302	4.68227	-377.727	4.68227	33.0751	
587.863	-12.3036	99.8195	-12.3036	0.757726	-2.09092	99.8195	-2.09092	17.4642	
2006.88	-20.6853	84.7715	-20.6853	0.713262	-0.873962	84.7715	-0.873962	4.08175	
4588.53	46.7967	-377.135	46.7967	0.977314	-3.84667	-377.135	-3.84667	31.5004	
3075.19	14.649	-226.584	14.649	0.569796	-1.07954	-226.584	-1.07954	17.1978	
3943.77	12.2086	-336.923	12.2086	0.5378	-1.04313	-336.923	-1.04313	29.2876	
5.0095	0.935406	-1.37514	0.935406	0.718991	-0.31273	-1.37514	-0.31273	0.949605	
0.501827	0.185223	-1.22952	0.185223	21.7089	-140.768	-1.22952	-140.768	934.807	
2814.29	-1.84366	-206.361	-1.84366	0.501211	0.135201	-206.361	0.135201	15.6343	
48.3991	3.43681	-0.0734611	3.43681	0.749823	-0.00277538	-0.0734611	-0.00277538	0.502042	
8.21363	-12.3845	-32.7078	-12.3845	20.3866	52.5156	-32.7078	52.5156	139.191	
2586.1	-30.6293	-65.4561	-30.6293	0.862857	0.775375	-65.4561	0.775375	2.15709	
65.079	0.235757	1.64647	0.235757	0.500989	0.00669978	1.64647	0.00669978	0.545669	
2146.3	-44.9293	92.7399	-44.9293	1.44078	-1.94184	92.7399	-1.94184	4.50817	
1025.07	-12.9499	-50.783	-12.9499	0.663682	0.641891	-50.783	0.641891	3.01727	
220.088	-1.11231	-13.6483	-1.11231	0.505643	0.0690376	-13.6483	0.0690376	1.34937	
119.138	-4.44615	-3.01183	-4.44615	0.666714	0.113288	-3.01183	0.113288	0.578428	
2097.15	-39.7345	5.49909	-39.7345	1.25302	-0.104208	5.49909	-0.104208	0.514491	
2068.84	-29.8961	-79.2969	-29.8961	0.932122	1.14617	-79.2969	1.14617	3.54019	
5.73792	-0.0401096	1.2117	-0.0401096	0.500402	-0.00714915	1.2117	-0.00714915	0.827859	
1143.87	-2.85141	-33.3101	-2.85141	0.507119	0.0830362	-33.3101	0.0830362	1.47059	
4061.74	-58.5858	-73.2224	-58.5858	1.34514	1.05628	-73.2224	1.05628	1.82017	
763.749	-6.12553	0.212136	-6.12553	0.549213	-0.00159418	0.212136	-0.00159418	0.500284	
245.906	2.39112	-4.10803	2.39112	0.523385	-0.03975	-4.10803	-0.03975	0.569649	
882.441	-8.58746	-57.4118	-8.58746	0.583616	0.559028	-57.4118	0.559028	4.23758	
365.969	1.41938	-7.04907	1.41938	0.505529	-0.0274765	-7.04907	-0.0274765	0.636578	
983.722	1.74453	-45.433	1.74453	0.503119	-0.0805462	-45.433	-0.0805462	2.59956	
676.267	-33.6233	-17.8203	-33.6233	2.17326	0.886601	-17.8203	0.886601	0.969939	
154.707	-2.63443	14.6385	-2.63443	0.545064	-0.249783	14.6385	-0.249783	1.8911	
1811.93	-48.5998	-21.8671	-48.5998	1.80398	0.586718	-21.8671	0.586718	0.763991	
108.141	-3.19363	-3.27943	-3.19363	0.595009	0.0965794	-3.27943	0.0965794	0.601924	
83.2715	-0.176643	2.11601	-0.176643	0.500514	-0.0038928	2.11601	-0.0038928	0.556927	
4023.54	-67.5608	-72.662	-67.5608	1.63459	1.22025	-72.662	1.22025	1.81238	
2672.4	-64.0059	84.1289	-64.0059	2.03331	-2.01534	84.1289	-2.01534	3.14893	
284.544	0.952271	6.50938	0.952271	0.503253	0.0220379	6.50938	0.0220379	0.649944	
972.792	-14.7255	38.8707	-14.7255	0.72307	-0.588611	38.8707	-0.588611	2.05414	
49.8997	-1.58802	6.29239	-1.58802	0.551055	-0.202446	6.29239	-0.202446	1.30651	
1345.58	18.0222	-18.346	18.0222	0.741474	-0.245808	-18.346	-0.245808	0.750364	
197.908	-3.90492	-3.34877	-3.90492	0.577389	0.0658465	-3.34877	0.0658465	0.557877	
778.846	-17.788	31.393	-17.788	0.906565	-0.717545	31.393	-0.717545	1.7664	
1344.16	-38.9874	5.1265	-38.9874	1.63129	-0.148688	5.1265	-0.148688	0.519656	
1678.04	-63.1197	8.53193	-63.1197	2.87501	-0.320975	8.53193	-0.320975	0.543442	
2298.69	-37.2828	66.7558	-37.2828	1.10488	-1.08298	66.7558	-1.08298	2.43907	
592.989	5.94259	-61.4711	5.94259	0.559604	-0.616539	-61.4711	-0.616539	6.87803	
3395.79	-30.5866	108.451	-30.5866	0.775545	-0.976971	108.451	-0.976971	3.96409	
287.221	-3.0905	85.918	-3.0905	0.533318	-0.926022	85.918	-0.926022	26.2467	
1148.78	-3.95556	-118.543	-3.95556	0.513628	0.408368	-118.543	0.408368	12.7379	
306.686	0.894705	-33.7855	0.894705	0.502615	-0.0987415	-33.7855	-0.0987415	4.22876	
18.6498	-0.300012	1.86669	-0.300012	0.505037	-0.0318871	1.86669	-0.0318871	0.705628	
3272.95	-132.419	451.363	-132.419	5.85829	-18.2643	451.363	-18.2643	62.7556	
4372.84	-54.1338	-376.487	-54.1338	1.17024	4.66128	-376.487	4.66128	32.918	
673.068	-15.074	112.921	-15.074	0.837847	-2.53085	112.921	-2.53085	19.4591	
1923.19	-26.5834	80.9488	-26.5834	0.867545	-1.1192	80.9488	-1.1192	3.90817	
5.75049	-0.145757	1.16305	-0.145757	0.504557	-0.0371876	1.16305	-0.0371876	0.804669	
4577.56	46.7887	-376.049	46.7887	0.978295	-3.84413	-376.049	-3.84413	31.3959	
3096.16	14.7908	-227.893	14.7908	0.570671	-1.08886	-227.893	-1.08886	17.2768	
4094.87	12.9036	-352.066	12.9036	0.540668	-1.10955	-352.066	-1.10955	30.7733	
5.09552	0.690528	-1.57755	0.690528	0.616961	-0.260324	-1.57755	-0.260324	1.08259	
3006.72	-3.89459	-218.908	-3.89459	0.505047	0.283591	-218.908	0.283591	16.4406	
35.1195	3.2352	-0.0646038	3.2352	0.807566	-0.00287002	-0.0646038	-0.00287002	0.502037	
0.61246	-1.16358	12.6021	-1.16358	12.5425	-130.42	12.6021	-130.42	1412.94	
1.97022	-2.93288	8.99522	-2.93288	6.35652	-17.9467	8.99522	-17.9467	55.5363	
2.2173	-1.40705	-5.56643	-1.40705	1.65365	4.57028	-5.56643	4.57028	18.6543	
522.001	5.35641	-55.1691	5.35641	0.555017	-0.566645	-55.1691	-0.566645	6.33672	
3423.6	-30.7158	108.946	-30.7158	0.775621	-0.977574	108.946	-0.977574	3.96741	
272.816	-3.66311	81.9595	-3.66311	0.549275	-1.10248	81.9595	-1.10248	25.1684	
1148.78	-3.95556	-118.543	-3.95556	0.513628	0.408368	-118.543	0.408368	12.7379	
301.936	0.860175	-33.1623	0.860175	0.502455	-0.09465	-33.1623	-0.09465	4.1491	
18.5472	-0.311634	1.86329	-0.311634	0.505469	-0.0332706	1.86329	-0.0332706	0.706087	
3231.68	-132.257	446.102	-132.257	5.91345	-18.2596	446.102	-18.2596	62.0897	
4377.85	-52.7685	-380.997	-52.7685	1.13613	4.59288	-380.997	4.59288	33.6613	
626.95	-14.8342	103.192	-14.8342	0.851279	-2.44351	103.192	-2.44351	17.4986	
1933.04	-27.2069	81.282	-27.2069	0.883026	-1.14431	81.282	-1.14431	3.91877	
6.27484	0.0868422	1.21541	0.0868422	0.501388	0.0201643	1.21541	0.0201643	0.798948	
4492.72	46.0207	-370.531	46.0207	0.971462	-3.79592	-370.531	-3.79592	31.0624	
3096.16	14.7908	-227.893	14.7908	0.570671	-1.08886	-227.893	-1.08886	17.2768	
8.3486	0.198067	-0.451863	0.198067	0.531114	0.000642157	-0.451863	0.000642157	0.531571	
4094.87	12.9036	-352.066	12.9036	0.540668	-1.10955	-352.066	-1.10955	30.7733	
4.23574	0.661671	-1.34944	0.661671	0.635931	-0.269	-1.34944	-0.269	1.03545	
3.17113	-0.603054	0.0970315	-0.603054	0.716459	0.0091184	0.0970315	0.0091184	0.51551	
3246.71	-5.51397	-234.03	-5.51397	0.509367	0.397515	-234.03	0.397515	17.3721	
164.078	28.0919	17.8056	28.0919	5.32464	3.05724	17.8056	3.05724	2.43927	
0.61246	-1.16358	12.6021	-1.16358	12.5425	-130.42	12.6021	-130.42	1412.94	
0.857587	-0.444792	2.08883	-0.444792	1.07673	-2.60763	2.08883	-2.60763	12.7056	
2.2173	-1.40705	-5.56643	-1.40705	1.65365	4.57028	-5.56643	4.57028	18.6543	
526.002	5.46736	-55.6596	5.46736	0.556883	-0.57908	-55.6596	-0.57908	6.39572	
3412.41	-30.8567	108.841	-30.8567	0.779067	-0.984327	108.841	-0.984327	3.97206	
253.605	-3.94592	76.6048	-3.94592	0.561518	-1.1943	76.6048	-1.1943	23.6862	
3258.02	-8.8181	-373.84	-8.8181	0.523874	1.01199	-373.84	1.01199	43.4027	
301.936	0.860175	-33.1623	0.860175	0.502455	-0.09465	-33.1623	-0.09465	4.1491	
18.6681	-0.284324	1.86828	-0.284324	0.504517	-0.0301954	1.86828	-0.0301954	0.705759	
3257.13	-131.932	449.355	-131.932	5.84479	-18.2041	449.355	-18.2041	62.5027	
4057.22	-36.016	-402.757	-36.016	0.819763	3.57572	-402.757	3.57572	40.4863	
572.624	-14.7618	93.6556	-14.7618	0.880901	-2.4164	93.6556	-2.4164	15.8316	
1898.11	-27.2306	80.1793	-27.2306	0.890759	-1.15057	80.1793	-1.15057	3.88789	
4490.65	45.8644	-370.288	45.8644	0.968479	-3.78228	-370.288	-3.78228	31.0364	
3119.83	14.9792	-229.359	14.9792	0.571933	-1.1014	-229.359	-1.1014	17.3644	
8.3486	0.198067	-0.451863	0.198067	0.531114	0.000642157	-0.451863	0.000642157	0.531571	
3968.1	7.13796	-308.83	7.13796	0.512847	-0.555611	-308.83	-0.555611	24.5387	
4.23574	0.661671	-1.34944	0.661671	0.635931	-0.269	-1.34944	-0.269	1.03545	
3.04675	-0.590949	0.1758	-0.590949	0.715796	-0.00426488	0.1758	-0.00426488	0.529096	
3246.71	-5.51397	-234.03	-5.51397	0.509367	0.397515	-234.03	0.397515	17.3721	
138.016	25.6654	15.6018	25.6654	5.29087	2.91102	15.6018	2.91102	2.27101	
1.20918	-10.4367	18.392	-10.4367	154.14	-270.755	18.392	-270.755	477.645	
2.2173	-1.40705	-5.56643	-1.40705	1.65365	4.57028	-5.56643	4.57028	18.6543	
2246.68	-17.6551	-48.6496	-17.6551	0.638825	0.38237	-48.6496	0.38237	1.5537	
32.5624	-0.233886	2.03166	-0.233886	0.501723	-0.0144547	2.03166	-0.0144547	0.636465	
2855.56	-41.156	132.778	-41.156	1.09328	-1.91402	132.778	-1.91402	6.675	
1253.01	-15.8978	-66.4989	-15.8978	0.701788	0.844072	-66.4989	0.844072	4.03076	
280.321	-0.8579	-17.5912	-0.8579	0.502635	0.0538694	-17.5912	0.0538694	1.60673	
104.79	-3.03	-3.67349	-3.03	0.588042	0.106877	-3.67349	0.106877	0.63173	
2491.98	-31.7935	16.6663	-31.7935	0.905714	-0.21268	16.6663	-0.21268	0.611536	
2591.09	-33.0484	-92.9214	-33.0484	0.921604	1.1854	-92.9214	1.1854	3.83302	
7.34237	-0.0241748	1.67921	-0.0241748	0.50038	-0.0026689	1.67921	-0.0026689	0.94826	
1565.78	-23.4081	-60.8318	-23.4081	0.850058	0.909705	-60.8318	0.909705	2.86422	
2904.89	-45.1026	-49.7095	-45.1026	1.2004	0.771942	-49.7095	0.771942	1.35083	
1126.44	-13.1271	-4.06486	-13.1271	0.653067	0.0474483	-4.06486	0.0474483	0.514825	
210.796	1.15134	-2.49268	1.15134	0.506343	-0.0134381	-2.49268	-0.0134381	0.530645	
1033.08	-2.37195	-62.7446	-2.37195	0.505471	0.144069	-62.7446	0.144069	4.31282	
438.148	-0.273426	-8.41622	-0.273426	0.500173	0.00529068	-8.41622	0.00529068	0.662368	
1496.29	-1.90947	-64.6348	-1.90947	0.502444	0.0825373	-64.6348	0.0825373	3.29306	
1228.59	-49.7226	-48.2313	-49.7226	2.51327	1.95283	-48.2313	1.95283	2.39424	
148.928	-2.61766	12.4055	-2.61766	0.546187	-0.218594	12.4055	-0.218594	1.53846	
1538.86	-57.2623	-25.7781	-57.2623	2.63154	0.959592	-25.7781	0.959592	0.932003	
155.415	-3.02394	0.00815652	-3.02394	0.559394	-0.000821292	0.00815652	-0.000821292	0.501197	
94.4756	-0.586322	1.97138	-0.586322	0.503719	-0.0119056	1.97138	-0.0119056	0.543903	
4733.33	-91.2886	-83.0675	-91.2886	2.26081	1.60224	-83.0675	1.60224	1.95794	
1788.02	-32.0837	85.3697	-32.0837	1.07586	-1.53228	85.3697	-1.53228	4.57723	
299.678	0.216652	6.63125	0.216652	0.50019	0.00495976	6.63125	0.00495976	0.647733	
1788.87	-17.6425	82.2101	-17.6425	0.674068	-0.810974	82.2101	-0.810974	4.2792	
4065.02	-138.554	187.368	-138.554	5.22315	-6.38715	187.368	-6.38715	9.13741	
1035.06	17.6207	-15.3437	17.6207	0.80012	-0.261311	-15.3437	-0.261311	0.727752	
241.705	-5.24024	-3.68015	-5.24024	0.613988	0.079605	-3.68015	0.079605	0.556992	
683.227	-21.4424	26.6738	-21.4424	1.17345	-0.837799	26.6738	-0.837799	1.54244	
2890.93	-71.27	25.2965	-71.27	2.25733	-0.623725	25.2965	-0.623725	0.721418	
1185.59	-35.0656	12.6651	-35.0656	1.53758	-0.374689	12.6651	-0.374689	0.635487	
2918.05	-64.9618	116.573	-64.9618	1.94647	-2.5956	116.573	-2.5956	5.15781	
4729.45	57.7423	-657.976	57.7423	1.20506	-8.03415	-657.976	-8.03415	92.0495	
3146.01	-25.8768	98.4298	-25.8768	0.712882	-0.809728	98.4298	-0.809728	3.5801	
274.48	-6.44663	83.4874	-6.44663	0.651687	-1.9644	83.4874	-1.9644	25.9412	
3258.02	-8.8181	-373.84	-8.8181	0.523874	1.01199	-373.84	1.01199	43.4027	
4419.95	21.4898	-648.354	21.4898	0.604496	-3.15265	-648.354	-3.15265	95.6166	
17.6452	-0.231835	1.84588	-0.231835	0.50318	-0.025764	1.84588	-0.025764	0.713214	
2250.75	-94.1105	299.257	-94.1105	4.43592	-12.5156	299.257	-12.5156	40.2978	
4299.35	-33.2324	-445.015	-33.2324	0.756909	3.4402	-445.015	3.4402	46.5677	
829.2	-17.3854	131.279	-17.3854	0.864743	-2.75407	131.279	-2.75407	21.297	
2080.27	-31.9192	89.4448	-31.9192	0.989879	-1.37274	89.4448	-1.37274	4.34682	
0.772759	0.129576	0.0790064	0.129576	0.61313	-0.147025	0.0790064	-0.147025	1.18333	
4220.52	43.5098	-352.461	43.5098	0.9486	-3.63399	-352.461	-3.63399	29.938	
3539.47	25.1499	-262.489	25.1499	0.678729	-1.86539	-262.489	-1.86539	19.9691	
3968.1	7.13796	-308.83	7.13796	0.512847	-0.555611	-308.83	-0.555611	24.5387	
7.11641	0.587225	-2.11784	0.587225	0.556704	-0.200286	-2.11784	-0.200286	1.211	
4842.13	-10.1278	-306.84	-10.1278	0.521186	0.641857	-306.84	0.641857	19.9461	
92.5644	13.0789	7.77005	13.0789	2.35839	1.10475	7.77005	1.10475	1.15804	
1.0496	-7.42996	13.4475	-7.42996	100.973	-181.853	13.4475	-181.853	329.648	
0.812624	-1.28003	16.7967	-1.28003	5.74115	-68.7729	16.7967	-68.7729	902.956	
4551.04	55.9601	-638.322	55.9601	1.18817	-7.84973	-638.322	-7.84973	90.04	
3146.01	-25.8768	98.4298	-25.8768	0.712882	-0.809728	98.4298	-0.809728	3.5801	
279.04	-7.7084	84.7519	-7.7084	0.713329	-2.34551	84.7519	-2.34551	26.2885	
3258.02	-8.8181	-373.84	-8.8181	0.523874	1.01199	-373.84	1.01199	43.4027	
4419.95	21.4898	-648.354	21.4898	0.604496	-3.15265	-648.354	-3.15265	95.6166	
17.7557	-0.213139	1.84976	-0.213139	0.502667	-0.0235492	1.84976	-0.0235492	0.712689	
1911.64	-80.3039	257.36	-80.3039	3.87427	-10.814	257.36	-10.814	35.1569	
4299.35	-33.2324	-445.015	-33.2324	0.756909	3.4402	-445.015	3.4402	46.5677	
956.951	-22.2515	150.096	-22.2515	1.01768	-3.4919	150.096	-3.4919	24.0548	
2173.81	-33.7089	93.3786	-33.7089	1.02284	-1.44833	93.3786	-1.44833	4.51217	
0.842777	-0.0234882	0.127119	-0.0234882	0.63667	-0.290266	0.127119	-0.290266	1.13409	
4039.94	43.4651	-302.73	43.4651	0.967692	-3.25743	-302.73	-3.25743	23.1877	
3539.47	25.1499	-262.489	25.1499	0.678729	-1.86539	-262.489	-1.86539	19.9691	
3968.1	7.13796	-308.83	7.13796	0.512847	-0.555611	-308.83	-0.555611	24.5387	
7.11641	0.587225	-2.11784	0.587225	0.556704	-0.200286	-2.11784	-0.200286	1.211	
0.525408	0.269951	-0.0758806	0.269951	3.37264	-0.787718	-0.0758806	-0.787718	0.80225	
4842.13	-10.1278	-306.84	-10.1278	0.521186	0.641857	-306.84	0.641857	19.9461	
46.6586	2.70959	-0.536592	2.70959	0.661805	-0.0288239	-0.536592	-0.0288239	0.508843	
0.812624	-1.28003	16.7967	-1.28003	5.74115	-68.7729	16.7967	-68.7729	902.956	
2962.24	37.7859	-432.284	37.7859	0.982075	-5.51509	-432.284	-5.51509	63.5945	
3012.05	-23.5775	95.4012	-23.5775	0.684592	-0.746886	95.4012	-0.746886	3.52219	
359.837	-11.7701	110.132	-11.7701	0.885533	-3.60743	110.132	-3.60743	34.2547	
1200.32	-3.49245	-108.372	-3.49245	0.51017	0.315427	-108.372	0.315427	10.2888	
4419.95	21.4898	-648.354	21.4898	0.604496	-3.15265	-648.354	-3.15265	95.6166	
17.8439	-0.230761	1.85113	-0.230761	0.503113	-0.0254103	1.85113	-0.0254103	0.711891	
1717.34	-73.6452	232.33	-73.6452	3.65907	-9.96601	232.33	-9.96601	31.9401	
4299.35	-33.2324	-445.015	-33.2324	0.756909	3.4402	-445.015	3.4402	46.5677	
878.903	-17.7883	134.672	-17.7883	0.860236	-2.72716	134.672	-2.72716	21.1476	
2149.11	-33.7598	91.8032	-33.7598	1.03045	-1.44244	91.8032	-1.44244	4.42251	
0.905355	-0.0237431	0.0817549	-0.0237431	0.628686	-0.254087	0.0817549	-0.254087	1.00472	
3234.06	34.2992	-248.579	34.2992	0.86382	-2.63674	-248.579	-2.63674	19.6094	
3539.47	25.1499	-262.489	25.1499	0.678729	-1.86539	-262.489	-1.86539	19.9691	
4015.63	8.40697	-312.369	8.40697	0.517607	-0.654051	-312.369	-0.654051	24.8017	
7.7291	0.647111	-2.22962	0.647111	0.562556	-0.211343	-2.22962	-0.211343	1.21753	
0.570707	0.545494	-0.191342	0.545494	4.72053	-1.5069	-0.191342	-1.5069	1.09568	
4842.13	-10.1278	-306.84	-10.1278	0.521186	0.641857	-306.84	0.641857	19.9461	
2829.71	135.406	58.0615	135.406	6.98053	2.7788	58.0615	2.7788	1.69158	
1.01788	2.17529	-14.7928	2.17529	9.63725	-62.1344	-14.7928	-62.1344	423.046	
0.812624	-1.28003	16.7967	-1.28003	5.74115	-68.7729	16.7967	-68.7729	902.956	
3018.36	5.91853	-64.6485	5.91853	0.51164	-0.126789	-64.6485	-0.126789	1.8849	
46.7742	-0.371955	2.04227	-0.371955	0.50299	-0.0164484	2.04227	-0.0164484	0.595484	
2217.45	-26.1501	100.515	-26.1501	0.808455	-1.18563	100.515	-1.18563	5.05734	
1003.65	-13.3683	-52.1684	-13.3683	0.678152	0.695234	-52.1684	0.695234	3.2132	
565.563	-5.56987	-38.4281	-5.56987	0.554904	0.378807	-38.4281	0.378807	3.11376	
368.345	-7.19975	-1.90463	-7.19975	0.640924	0.0373336	-1.90463	0.0373336	0.510486	
2976.42	-35.8214	14.6614	-35.8214	0.931186	-0.17648	14.6614	-0.17648	0.572266	
2252.36	-25.6023	-83.2043	-25.6023	0.791089	0.945967	-83.2043	0.945967	3.57438	
7.32978	-0.0637636	1.69918	-0.0637636	0.500873	-0.0126893	1.69918	-0.0126893	0.958968	
3336.41	-84.3047	-119.022	-84.3047	2.63054	3.00792	-119.022	3.00792	4.74662	
884.306	-13.8956	-22.4691	-13.8956	0.718475	0.353286	-22.4691	0.353286	1.07147	
1550.3	-21.1256	-10.4804	-21.1256	0.787977	0.142893	-10.4804	0.142893	0.570974	
164.33	-0.580309	-0.635853	-0.580309	0.502056	0.00223666	-0.635853	0.00223666	0.503943	
1340.96	13.3784	-51.1623	13.3784	0.633648	-0.510587	-51.1623	-0.510587	2.45276	
456.537	-0.315982	-9.0975	-0.315982	0.500221	0.00633428	-9.0975	0.00633428	0.681983	
278.174	-2.28035	-3.70694	-2.28035	0.518729	0.0303967	-3.70694	0.0303967	0.550335	
516.5	-15.4141	-32.6612	-15.4141	0.960488	0.975782	-32.6612	0.975782	2.56776	
311.753	-12.0236	20.232	-12.0236	0.964482	-0.78165	20.232	-0.78165	1.81586	
743.647	-15.7842	-23.0911	-15.7842	0.835265	0.490507	-23.0911	0.490507	1.21776	
154.88	-0.757938	0.886985	-0.757938	0.503799	-0.00469476	0.886985	-0.00469476	0.506588	
98.0654	-1.05225	1.82528	-1.05225	0.511409	-0.0193014	1.82528	-0.0193014	0.536599	
4606.4	-85.0341	-89.222	-85.0341	2.0699	1.64722	-89.222	1.64722	2.22835	
4053.17	-67.5281	172.738	-67.5281	1.6252	-2.87828	172.738	-2.87828	7.8627	
294.253	-1.22715	6.05377	-1.22715	0.505131	-0.0252319	6.05377	-0.0252319	0.625555	
4141.15	0.536305	256.828	0.536305	0.50007	0.0332622	256.828	0.0332622	16.43	
1028.23	-31.0896	62.4824	-31.0896	1.44051	-1.89008	62.4824	-1.89008	4.29888	
1432.84	30.6591	-15.0594	30.6591	1.15626	-0.322316	-15.0594	-0.322316	0.65845	
664.385	-11.6405	5.49688	-11.6405	0.704326	-0.0965329	5.49688	-0.0965329	0.545616	
24.4816	-0.639087	3.77769	-0.639087	0.517033	-0.100518	3.77769	-0.100518	1.10544	
2946.43	-71.3845	25.7656	-71.3845	2.22977	-0.624328	25.7656	-0.624328	0.725379	
1033.6	-30.6461	11.5095	-30.6461	1.40909	-0.341407	11.5095	-0.341407	0.628414	
3526.46	-85.6877	146.264	-85.6877	2.58239	-3.55452	146.264	-3.55452	6.56737	
2962.24	37.7859	-432.284	37.7859	0.982075	-5.51509	-432.284	-5.51509	63.5945	
108.582	-1.34688	-7.19432	-1.34688	0.517028	0.0889525	-7.19432	0.0889525	0.980897	
399.221	-12.6182	122.135	-12.6182	0.899328	-3.8652	122.135	-3.8652	37.9128	
1200.32	-3.49245	-108.372	-3.49245	0.51017	0.315427	-108.372	0.315427	10.2888	
4419.95	21.4898	-648.354	21.4898	0.604496	-3.15265	-648.354	-3.15265	95.6166	
18.7363	-0.224401	1.87352	-0.224401	0.502795	-0.0237315	1.87352	-0.0237315	0.706098	
1579.47	-66.9834	213.968	-66.9834	3.3416	-9.07703	213.968	-9.07703	29.4951	
1275.26	-14.7075	-109.062	-14.7075	0.669712	1.25825	-109.062	1.25825	9.83096	
767.704	-13.1856	118.389	-13.1856	0.726647	-2.03462	118.389	-2.03462	18.7692	
2398.84	-37.7312	100.298	-37.7312	1.0936	-1.57791	100.298	-1.57791	4.69453	
0.967482	-0.0354706	0.0140694	-0.0354706	0.62992	-0.228323	0.0140694	-0.228323	0.906347	
4954.05	53.2335	-419.504	53.2335	1.07208	-4.50821	-419.504	-4.50821	36.0267	
3539.47	25.1499	-262.489	25.1499	0.678729	-1.86539	-262.489	-1.86539	19.9691	
4015.63	8.40697	-312.369	8.40697	0.517607	-0.654051	-312.369	-0.654051	24.8017	
8.6713	0.709579	-2.40477	0.709579	0.565949	-0.219472	-2.40477	-0.219472	1.23388	
4842.13	-10.1278	-306.84	-10.1278	0.521186	0.641857	-306.84	0.641857	19.9461	
350.974	20.7131	21.4509	20.7131	1.72427	1.268	21.4509	1.268	1.81345	
0.791936	1.51892	-10.4092	1.51892	8.403	-54.1617	-10.4092	-54.1617	371.713	
3012	38.5184	-439.031	38.5184	0.992669	-5.6154	-439.031	-5.6154	64.504	
108.582	-1.34688	-7.19432	-1.34688	0.517028	0.0889525	-7.19432	0.0889525	0.980897	
16.3752	-0.660711	2.49993	-0.660711	0.527517	-0.103503	2.49993	-0.103503	0.909316	
1200.32	-3.49245	-108.372	-3.49245	0.51017	0.315427	-108.372	0.315427	10.2888	
4805.43	24.5839	-695.217	24.5839	0.625781	-3.557	-695.217	-3.557	101.09	
18.7363	-0.224401	1.87352	-0.224401	0.502795	-0.0237315	1.87352	-0.0237315	0.706098	
1692.15	-72.6394	227.794	-72.6394	3.61913	-9.7815	227.794	-9.7815	31.1744	
1253.49	-14.4319	-107.461	-14.4319	0.66625	1.23768	-107.461	1.23768	9.71641	
741.637	-17.0146	115.707	-17.0146	0.890613	-2.65631	115.707	-2.65631	18.5646	
2423.13	-39.3129	101.353	-39.3129	1.13795	-1.64468	101.353	-1.64468	4.74025	
1.01274	-0.0210323	-0.0288089	-0.0210323	0.618775	-0.206988	-0.0288089	-0.206988	0.869133	
4954.05	53.2335	-419.504	53.2335	1.07208	-4.50821	-419.504	-4.50821	36.0267	
3539.47	25.1499	-262.489	25.1499	0.678729	-1.86539	-262.489	-1.86539	19.9691	
4015.63	8.40697	-312.369	8.40697	0.517607	-0.654051	-312.369	-0.654051	24.8017	
1.90705	-0.251761	0.527863	-0.251761	0.568692	-0.154748	0.527863	-0.154748	0.851806	
4867.81	-9.85152	-307.68	-9.85152	0.51994	0.62275	-307.68	0.62275	19.9496	
958.264	45.8459	46.2749	45.8459	2.69454	2.21511	46.2749	2.21511	2.736	
2.4721	5.07487	-41.0794	5.07487	13.5606	-105.717	-41.0794	-105.717	856.229	
2622.12	33.8382	-379.849	33.8382	0.936761	-4.90285	-379.849	-4.90285	55.5369	
119.035	-1.52187	-7.77955	-1.52187	0.519787	0.0992122	-7.77955	0.0992122	1.01239	
16.3917	-0.690059	2.50196	-0.690059	0.529973	-0.108261	2.50196	-0.108261	0.909536	
1339.77	-2.99524	-118.863	-2.99524	0.506701	0.265817	-118.863	0.265817	11.0495	
4810.85	25.8204	-705.499	25.8204	0.638596	-3.7869	-705.499	-3.7869	103.97	
18.6701	-0.203572	1.87293	-0.203572	0.502306	-0.0215706	1.87293	-0.0215706	0.706736	
1558.1	-67.426	210.428	-67.426	3.41877	-9.10913	210.428	-9.10913	28.9284	
1239.54	-14.0791	-106.005	-14.0791	0.660004	1.20447	-106.005	1.20447	9.56922	
1353.67	-65.5207	260.808	-65.5207	3.67258	-12.6284	260.808	-12.6284	50.7678	
2582.7	-43.7181	107.937	-43.7181	1.24017	-1.82743	107.937	-1.82743	5.01185	
1.04674	-0.00637073	-0.0608175	-0.00637073	0.610902	-0.194638	-0.0608175	-0.194638	0.851087	
4954.05	53.2335	-419.504	53.2335	1.07208	-4.50821	-419.504	-4.50821	36.0267	
3626.89	26.1532	-267.989	26.1532	0.688615	-1.93271	-267.989	-1.93271	20.3042	
4249.47	8.52707	-326.673	8.52707	0.517117	-0.655589	-326.673	-0.655589	25.6155	
1.85399	-0.247594	0.511741	-0.247594	0.570534	-0.156973	0.511741	-0.156973	0.852524	
250.56	260.962	71.9015	260.962	272.839	75.0365	71.9015	75.0365	21.1747	
4937.78	-9.5076	-304.187	-9.5076	0.518309	0.585765	-304.187	0.585765	19.241	
1477.36	68.9566	64.0205	68.9566	3.71967	2.98922	64.0205	2.98922	3.27534	
3.89401	2.2912	-60.9497	2.2912	2.04681	-41.1447	-60.9497	-41.1447	1095.04	
0.515451	-0.123865	0.312831	-0.123865	1.51114	-2.61978	0.312831	-2.61978	7.52363	
2.09012	-1.01586	6.17558	-1.01586	1.15509	-3.97524	6.17558	-3.97524	24.6311	
3.09387	6.65592	-51.6905	6.65592	17.5805	-132.646	-51.6905	-132.646	1030.63	
2959.28	37.0712	-45.529	37.0712	0.964474	-0.570445	-45.529	-0.570445	1.20063	
34.9266	-0.601356	2.25737	-0.601356	0.51068	-0.0405418	2.25737	-0.0405418	0.655052	
3120.07	-31.6603	155.106	-31.6603	0.821318	-1.57416	155.106	-1.57416	8.21191	
740.759	-7.22482	-41.5529	-7.22482	0.570543	0.405637	-41.5529	0.405637	2.83274	
283.199	0.027253	-17.6003	0.027253	0.500019	-0.00158143	-17.6003	-0.00158143	1.59658	
204.518	-2.93716	-3.72149	-2.93716	0.542287	0.0535263	-3.72149	0.0535263	0.569056	
3169.7	-33.4958	13.0943	-33.4958	0.854023	-0.13839	13.0943	-0.13839	0.55413	
1165.23	-15.9635	-30.2616	-15.9635	0.718812	0.414701	-30.2616	0.414701	1.28639	
7.03623	-0.134482	1.66335	-0.134482	0.503001	-0.0312426	1.66335	-0.0312426	0.961182	
2310.49	-57.1177	-94.2471	-57.1177	1.91237	2.33038	-94.2471	2.33038	4.34527	
844.279	-17.9116	-21.2213	-17.9116	0.880233	0.450438	-21.2213	0.450438	1.03396	
1274.37	-17.1335	-5.77752	-17.1335	0.730457	0.0777468	-5.77752	0.0777468	0.526338	
263.358	-2.06447	-3.01063	-2.06447	0.516231	0.023524	-3.01063	0.023524	0.535366	
656.415	7.91878	-20.1852	7.91878	0.595717	-0.243535	-20.1852	-0.243535	1.1214	
418.393	-1.87564	-9.82204	-1.87564	0.508419	0.0440759	-9.82204	0.0440759	0.731402	
151.314	-2.58157	0.385599	-2.58157	0.544246	-0.00689641	0.385599	-0.00689641	0.502536	
507.398	-6.77253	-32.9182	-6.77253	0.590523	0.439688	-32.9182	0.439688	2.63813	
596.291	-27.641	23.7176	-27.641	1.78244	-1.1005	23.7176	-1.1005	1.44445	
1210.7	-15.725	-45.3478	-15.725	0.704401	0.589159	-45.3478	0.589159	2.19932	
336.295	-11.1659	12.0332	-11.1659	0.87153	-0.399801	12.0332	-0.399801	0.931663	
98.7163	-1.43635	1.8507	-1.43635	0.521049	-0.0267409	1.8507	-0.0267409	0.537324	
4345.21	-93.4494	-100.154	-93.4494	2.50998	2.15419	-100.154	2.15419	2.80874	
1721.13	-45.5777	83.2641	-45.5777	1.70735	-2.20553	83.2641	-2.20553	4.52933	
333.629	-2.16923	6.75401	-2.16923	0.514133	-0.0439088	6.75401	-0.0439088	0.637627	
3905.72	17.4866	235.379	17.4866	0.578302	1.05397	235.379	1.05397	14.687	
776.884	-19.2929	32.1163	-19.2929	0.979427	-0.798058	32.1163	-0.798058	1.82881	
1614.04	36.5661	-19.7865	36.5661	1.32867	-0.448368	-19.7865	-0.448368	0.74273	
734.463	-11.4253	6.26956	-11.4253	0.678038	-0.0977358	6.26956	-0.0977358	0.553661	
24.2914	-0.646197	3.74479	-0.646197	0.517551	-0.101727	3.74479	-0.101727	1.09988	
2029.41	-47.1448	26.6941	-47.1448	1.59549	-0.62025	26.6941	-0.62025	0.851271	
1096.07	-35.9518	17.8621	-35.9518	1.67979	-0.586198	17.8621	-0.586198	0.791392	
3763.92	-118.692	157.822	-118.692	4.24336	-4.97745	157.822	-4.97745	7.1184	
1874.27	24.7781	-262.341	24.7781	0.827656	-3.4691	-262.341	-3.4691	37.2297	
140.1	-1.81803	-8.40315	-1.81803	0.52392	0.108832	-8.40315	0.108832	1.00732	
16.405	-0.676743	2.50257	-0.676743	0.528808	-0.106024	2.50257	-0.106024	0.90938	
1934.44	-3.96579	-164.171	-3.96579	0.508134	0.336642	-164.171	0.336642	14.4364	
4792.56	23.5	-627.716	23.5	0.615243	-3.07829	-627.716	-3.07829	82.725	
17.9161	-0.148272	1.85257	-0.148272	0.501275	-0.016201	1.85257	-0.016201	0.711349	
1527.36	-68.1841	205.868	-68.1841	3.54488	-9.19337	205.868	-9.19337	28.2574	
1411.79	-16.4879	-118.661	-16.4879	0.692647	1.38625	-118.661	1.38625	10.477	
1843.61	-94.6684	358.663	-94.6684	5.36253	-18.4222	358.663	-18.4222	70.2949	
3341.76	-54.2192	131.593	-54.2192	1.37983	-2.13538	131.593	-2.13538	5.68272	
1.12274	0.0175584	-0.147391	0.0175584	0.601672	-0.177363	-0.147391	-0.177363	0.831401	
4957.81	53.5752	-420.422	53.5752	1.079	-4.54364	-420.422	-4.54364	36.1555	
3706.41	27.1866	-272.945	27.1866	0.699442	-2.00233	-272.945	-2.00233	20.6028	
4718.01	10.6643	-351.772	10.6643	0.52411	-0.795206	-351.772	-0.795206	26.7306	
1.85462	-0.246441	0.50909	-0.246441	0.569945	-0.155838	0.50909	-0.155838	0.850496	
4903.3	-9.13229	-299.032	-9.13229	0.517011	0.556998	-299.032	0.556998	18.7386	
5.27999	3.30955	-82.0494	3.30955	2.7915	-56.8085	-82.0494	-56.8085	1408.9	
0.757502	-1.04484	7.64724	-1.04484	4.7516	-31.1271	7.64724	-31.1271	228.397	
2.09012	-1.01586	6.17558	-1.01586	1.15509	-3.97524	6.17558	-3.97524	24.6311	
9.85187	19.5714	-161.683	19.5714	41.4587	-338.369	-161.683	-338.369	2795.84	
1.97686	-0.0955103	4.2632	-0.0955103	0.524266	-0.275842	4.2632	-0.275842	12.8064	
2008.62	26.7257	-282.615	26.7257	0.855688	-3.76127	-282.615	-3.76127	40.2743	
139.98	-1.80572	-8.3955	-1.80572	0.523622	0.108083	-8.3955	0.108083	1.00683	
16.1939	-0.691927	2.48773	-0.691927	0.530513	-0.109358	2.48773	-0.109358	0.910175	
1927.86	-3.86538	-163.668	-3.86538	0.507754	0.32823	-163.668	0.32823	14.3985	
4663.24	23.0814	-606.713	23.0814	0.614258	-3.00334	-606.713	-3.00334	79.4451	
18.0178	-0.159538	1.85477	-0.159538	0.501469	-0.0173701	1.85477	-0.0173701	0.710582	
1394.42	-60.2889	187.932	-60.2889	3.10761	-8.12835	187.932	-8.12835	25.8375	
1456.05	-16.5854	-121.812	-16.5854	0.689002	1.38796	-121.812	1.38796	10.6944	
2286.69	-127.177	444.078	-127.177	7.57471	-24.7035	444.078	-24.7035	86.7597	
3051.82	-49.2617	123.063	-49.2617	1.2953	-1.98677	123.063	-1.98677	5.46326	
1.01555	-0.014747	-0.0521519	-0.014747	0.620903	-0.207205	-0.0521519	-0.207205	0.866779	
4957.81	53.5752	-420.422	53.5752	1.079	-4.54364	-420.422	-4.54364	36.1555	
3827.38	28.7795	-280.391	28.7795	0.716433	-2.10865	-280.391	-2.10865	21.044	
4715.98	10.709	-351.615	10.709	0.524323	-0.798532	-351.615	-0.798532	26.7185	
1.91727	-0.248208	0.529111	-0.248208	0.566127	-0.151635	0.529111	-0.151635	0.851017	
4910.23	-9.1713	-299.897	-9.1713	0.517132	0.560203	-299.897	0.560203	18.8183	
5.27999	3.30955	-82.0494	3.30955	2.7915	-56.8085	-82.0494	-56.8085	1408.9	
0.658681	-0.783231	5.56029	-0.783231	4.39068	-27.6305	5.56029	-27.6305	196.728	
0.641415	1.34286	0.224017	1.34286	14.961	2.41957	0.224017	2.41957	0.904861	
6.5532	14.6566	-129.849	14.6566	35.9881	-314.404	-129.849	-314.404	2785.93	
4669.12	64.6688	-610.953	64.6688	1.39578	-8.4628	-610.953	-8.4628	80.4517	
139.98	-1.80572	-8.3955	-1.80572	0.523622	0.108083	-8.3955	0.108083	1.00683	
16.1939	-0.691927	2.48773	-0.691927	0.530513	-0.109358	2.48773	-0.109358	0.910175	
1927.86	-3.86538	-163.668	-3.86538	0.507754	0.32823	-163.668	0.32823	14.3985	
4801.79	25.2097	-621.191	25.2097	0.632367	-3.26163	-621.191	-3.26163	80.8696	
18.0178	-0.159538	1.85477	-0.159538	0.501469	-0.0173701	1.85477	-0.0173701	0.710582	
1388.4	-59.6045	187.495	-59.6045	3.0598	-8.05214	187.495	-8.05214	25.8291	
1456.05	-16.5854	-121.812	-16.5854	0.689002	1.38796	-121.812	1.38796	10.6944	
2286.69	-127.177	444.078	-127.177	7.57471	-24.7035	444.078	-24.7035	86.7597	
3114.43	-51.6541	125.123	-51.6541	1.35684	-2.07554	125.123	-2.07554	5.52766	
1.03823	0.00426698	-0.0977823	0.00426698	0.61611	-0.200874	-0.0977823	-0.200874	0.862707	
4894.08	58.7301	-417.746	58.7301	1.20485	-5.01356	-417.746	-5.01356	36.1613	
4234.81	26.0431	-347.046	26.0431	0.660179	-2.1345	-347.046	-2.1345	28.9441	
4715.98	10.709	-351.615	10.709	0.524323	-0.798532	-351.615	-0.798532	26.7185	
1.80886	-0.23364	0.498404	-0.23364	0.566366	-0.152963	0.498404	-0.152963	0.855863	
250.56	260.962	71.9015	260.962	272.839	75.0365	71.9015	75.0365	21.1747	
4910.23	-9.1713	-299.897	-9.1713	0.517132	0.560203	-299.897	0.560203	18.8183	
3.19995	-7.90624	51.2216	-7.90624	23.6535	-150.003	51.2216	-150.003	972.314	
3.22369	-1.8844	12.3435	-1.8844	1.80705	-8.5566	12.3435	-8.5566	56.5235	
6.5532	14.6566	-129.849	14.6566	35.9881	-314.404	-129.849	-314.404	2785.93	
3093.05	20.5292	-46.1402	20.5292	0.636286	-0.306305	-46.1402	-0.306305	1.18843	
48.3328	-0.932731	2.24204	-0.932731	0.518403	-0.0447515	2.24204	-0.0447515	0.61005	
1622.89	-23.6452	67.8706	-23.6452	0.844622	-0.989133	67.8706	-0.989133	3.33936	
795.765	-6.66169	-45.7035	-6.66169	0.555834	0.382929	-45.7035	0.382929	3.12679	
951.257	7.38743	-42.5646	7.38743	0.557439	-0.330811	-42.5646	-0.330811	2.40576	
207.601	-1.75284	-3.57041	-1.75284	0.514868	0.0300288	-3.57041	0.0300288	0.562678	
3346.86	-40.9886	20.2831	-40.9886	1.00206	-0.248431	20.2831	-0.248431	0.622959	
1210.01	-15.9759	-30.5986	-15.9759	0.711045	0.404109	-30.5986	0.404109	1.27423	
7.34751	-0.142596	1.70403	-0.142596	0.503197	-0.0326141	1.70403	-0.0326141	0.960218	
615.641	-19.691	-40.4273	-19.691	1.13033	1.29405	-40.4273	1.29405	3.15725	
734.803	-17.8254	-17.5841	-17.8254	0.932743	0.426776	-17.5841	0.426776	0.921343	
724.693	-17.7518	1.81703	-17.7518	0.935159	-0.0446136	1.81703	-0.0446136	0.504834	
172.348	-2.36542	-1.25237	-2.36542	0.532628	0.0169349	-1.25237	0.0169349	0.510462	
169.212	1.22459	-0.579713	1.22459	0.508919	-0.00400208	-0.579713	-0.00400208	0.503393	
378.533	-2.27995	-9.06764	-2.27995	0.513753	0.0546509	-9.06764	0.0546509	0.718108	
92.5525	-1.61454	1.64074	-1.61454	0.52841	-0.0292652	1.64074	-0.0292652	0.531817	
1829	10.7083	-196.299	10.7083	0.562753	-1.14963	-196.299	-1.14963	21.5738	
629.338	-33.5039	16.0665	-33.5039	2.28535	-0.85613	16.0665	-0.85613	0.910541	
2393.61	-44.9618	-93.6745	-44.9618	1.34476	1.75994	-93.6745	1.75994	4.16678	
876.706	-38.6831	21.3683	-38.6831	2.20786	-0.943273	21.3683	-0.943273	1.02129	
110.425	-2.05808	3.36593	-2.05808	0.538553	-0.0628076	3.36593	-0.0628076	0.605268	
4526.95	-98.9289	-106.857	-98.9289	2.66217	2.33544	-106.857	2.33544	3.0226	
980.561	-25.4431	50.3745	-25.4431	1.16065	-1.30766	50.3745	-1.30766	3.08929	
333.169	-4.17835	6.90202	-4.17835	0.552486	-0.0866285	6.90202	-0.0866285	0.643894	
3978.84	20.2339	238.01	20.2339	0.60291	1.21052	238.01	1.21052	14.7393	
711.189	-15.2183	29.8947	-15.2183	0.825893	-0.640084	29.8947	-0.640084	1.75779	
1626.44	37.2409	-14.4197	37.2409	1.35297	-0.330265	-14.4197	-0.330265	0.627984	
1413.97	-15.4092	0.694149	-15.4092	0.668092	-0.0076148	0.694149	-0.0076148	0.500362	
24.1204	-0.640216	3.74372	-0.640216	0.517353	-0.101512	3.74372	-0.101512	1.10388	
1743.54	-38.615	19.7876	-38.615	1.35548	-0.43834	19.7876	-0.43834	0.724717	
2058.06	-75.183	46.7744	-75.183	3.24718	-1.70913	46.7744	-1.70913	1.56339	
502.522	-16.7855	11.1564	-16.7855	1.06124	-0.372995	11.1564	-0.372995	0.748375	
4907.44	68.91	-653.757	68.91	1.46773	-9.18095	-653.757	-9.18095	87.6008	
122.993	-1.53595	-7.88619	-1.53595	0.519514	0.0982215	-7.88619	0.0982215	1.00945	
16.3464	-0.717319	2.49919	-0.717319	0.532474	-0.112915	2.49919	-0.112915	0.909838	
2083.07	-4.13311	-175.17	-4.13311	0.508204	0.347635	-175.17	0.347635	15.234	
4488.53	23.8101	-573.105	23.8101	0.626319	-3.04046	-573.105	-3.04046	73.6833	
18.4829	-0.208072	1.86109	-0.208072	0.502443	-0.0222319	1.86109	-0.0222319	0.706421	
1624.47	-66.803	217.9	-66.803	3.24801	-8.96351	217.9	-8.96351	29.7374	
1431.13	-16.314	-120.029	-16.314	0.686054	1.36869	-120.029	1.36869	10.5704	
1744.82	-99.8585	332.458	-99.8585	6.21668	-19.0325	332.458	-19.0325	63.8647	
3847.77	-63.0076	145.463	-63.0076	1.53189	-2.38228	145.463	-2.38228	5.99988	
0.995823	-0.0238501	-0.00813232	-0.0238501	0.745223	-0.250975	-0.00813232	-0.250975	0.759007	
4901.33	59.1512	-418.466	59.1512	1.21393	-5.05073	-418.466	-5.05073	36.2315	
4091.27	27.4136	-329.121	27.4136	0.68371	-2.20554	-329.121	-2.20554	26.9792	
11.0109	0.787666	-0.0281006	0.787666	0.566053	0.00869609	-0.0281006	0.00869609	0.51668	
4669.27	10.6314	-350.763	10.6314	0.524211	-0.798733	-350.763	-0.798733	26.8528	
