0.0014273	0.0319083	0.017529	0.0319083	0.99898	-0.000560118	0.017529	-0.000560118	0.999692	
0.0046763	-0.0345202	-0.0579936	-0.0345202	0.998803	-0.00201135	-0.0579936	-0.00201135	0.996621	
0.00347762	0.0356137	-0.0457989	0.0356137	0.998727	0.00163676	-0.0457989	0.00163676	0.997895	
0.0048772	0.0142034	0.0674697	0.0142034	0.999797	-0.000962999	0.0674697	-0.000962999	0.995426	
0.00971043	0.00977554	0.0970647	0.00977554	0.999904	-0.000958164	0.0970647	-0.000958164	0.990486	
0.00896086	0.0609406	0.0711878	0.0609406	0.996253	-0.00437745	0.0711878	-0.00437745	0.994886	
0.000257743	0.00643203	0.0107857	0.00643203	0.999959	-6.93917e-05	0.0107857	-6.93917e-05	0.999884	
0.00257923	0.0238316	0.043645	0.0238316	0.999431	-0.00104282	0.043645	-0.00104282	0.99809	
0.264537	-0.00182423	-0.440999	-0.00182423	0.999995	-0.00109385	-0.440999	-0.00109385	0.735567	
0.00298521	-0.0147078	0.0515778	-0.0147078	0.999783	0.000760869	0.0515778	0.000760869	0.997332	
0.000570428	0.0184146	0.0114483	0.0184146	0.999661	-0.000210936	0.0114483	-0.000210936	0.999869	
0.000105205	0.00170025	0.00152099	0.00170025	0.999997	-2.58633e-06	0.00152099	-2.58633e-06	0.999998	
0.00159211	-0.0309304	-0.0230879	-0.0309304	0.999042	-0.000715255	-0.0230879	-0.000715255	0.999466	
0.0121354	-0.0125175	0.108318	-0.0125175	0.999841	0.00137252	0.108318	0.00137252	0.988123	
0.000420607	-0.00231304	-0.0177517	-0.00231304	0.999995	-4.10776e-05	-0.0177517	-4.10776e-05	0.999685	
0.00441917	-0.0253697	0.0604687	-0.0253697	0.999354	0.00154088	0.0604687	0.00154088	0.996327	
0.00502674	0.0682611	-0.015569	0.0682611	0.995317	0.00106812	-0.015569	0.00106812	0.999756	
0.00117168	0.0228006	-0.023464	0.0228006	0.99948	0.000535619	-0.023464	0.000535619	0.999449	
0.00154714	0.0350127	-0.0147989	0.0350127	0.998772	0.000518953	-0.0147989	0.000518953	0.999781	
0.0104322	0.0878467	-0.0500732	0.0878467	0.992202	0.00444514	-0.0500732	0.00444514	0.997466	
0.00257923	0.0252444	0.0428434	0.0252444	0.999361	-0.00108435	0.0428434	-0.00108435	0.99816	
0.000483848	0.00963825	0.0170519	0.00963825	0.999907	-0.00016443	0.0170519	-0.00016443	0.999709	
0.00413091	0.0380646	-0.0506492	0.0380646	0.998545	0.00193594	-0.0506492	0.00193594	0.997424	
0.000535937	0.0088787	0.018891	0.0088787	0.999921	-0.000167818	0.018891	-0.000167818	0.999643	
0.00133456	0.0312309	-0.0160481	0.0312309	0.999023	0.000501867	-0.0160481	0.000501867	0.999742	
0.00134694	0.0277871	-0.0217518	0.0277871	0.999227	0.000605235	-0.0217518	0.000605235	0.999526	
0.00016203	-0.00731	-0.00292988	-0.00731	0.999947	-2.14209e-05	-0.00292988	-2.14209e-05	0.999991	
0.00282511	0.0365353	-0.0371831	0.0365353	0.998661	0.00136234	-0.0371831	0.00136234	0.998613	
0.00278989	0.0357273	-0.0374959	0.0357273	0.99872	0.00134338	-0.0374959	0.00134338	0.99859	
0.00164492	0.0364702	0.0145705	0.0364702	0.998668	-0.000532266	0.0145705	-0.000532266	0.999787	
0.00207921	0.0435305	0.00895486	0.0435305	0.998101	-0.000390622	0.00895486	-0.000390622	0.99992	
0.00224189	0.0315214	-0.0338156	0.0315214	0.999004	0.00106831	-0.0338156	0.00106831	0.998854	
0.00592095	-0.00822504	0.075623	-0.00822504	0.999932	0.000625707	0.075623	0.000625707	0.994247	
0.00166859	0.0105054	-0.0381524	0.0105054	0.999889	0.000401478	-0.0381524	0.000401478	0.998542	
0.789204	-0.407823	0.00455857	-0.407823	0.210995	0.00881936	0.00455857	0.00881936	0.999901	
0.109844	-0.00901174	-0.312422	-0.00901174	0.999909	-0.00316289	-0.312422	-0.00316289	0.890348	
0.00741508	0.00294606	0.0851596	0.00294606	0.999991	-0.00025276	0.0851596	-0.00025276	0.992694	
0.00512225	-0.000212848	0.0706858	-0.000212848	1	1.51228e-05	0.0706858	1.51228e-05	0.994978	
0.0696364	0.0633079	-0.246346	0.0633079	0.995692	0.0167629	-0.246346	0.0167629	0.934772	
0.0224586	0.0412299	-0.141974	0.0412299	0.998261	0.00598805	-0.141974	0.00598805	0.97938	
0.00756895	0.0100237	0.0855099	0.0100237	0.999899	-0.000863661	0.0855099	-0.000863661	0.992632	
0.0383319	0.0217787	-0.190505	0.0217787	0.999507	0.00431432	-0.190505	0.00431432	0.962261	
0.00309801	0.00932914	-0.0538673	0.00932914	0.999913	0.000504098	-0.0538673	0.000504098	0.997089	
0.308071	0.0993853	-0.450796	0.0993853	0.985725	0.0647501	-0.450796	0.0647501	0.706304	
0.00646315	-0.00941031	0.0789523	-0.00941031	0.999911	0.000747799	0.0789523	0.000747799	0.993726	
0.00677489	-0.00564866	0.0812266	-0.00564866	0.999968	0.000461951	0.0812266	0.000461951	0.993357	
0.00662409	-0.00381981	0.0804132	-0.00381981	0.999985	0.000309211	0.0804132	0.000309211	0.993491	
0.721793	-0.329457	0.303707	-0.329457	0.609851	0.359655	0.303707	0.359655	0.668456	
0.997867	0.0135098	0.0441048	0.0135098	0.914413	-0.279411	0.0441048	-0.279411	0.0878194	
0.00676492	-0.000860031	0.0813578	-0.000860031	0.999999	7.04468e-05	0.0813578	7.04468e-05	0.993336	
0.0220318	-0.140727	-0.0405535	-0.140727	0.97975	-0.00583554	-0.0405535	-0.00583554	0.998318	
0.999972	0.00218973	-0.00481606	0.00218973	0.82871	0.376733	-0.00481606	0.376733	0.171418	
0.999997	-0.000474383	-0.00161333	-0.000474383	0.920429	-0.270613	-0.00161333	-0.270613	0.0796737	
0.00592095	-0.00822504	0.075623	-0.00822504	0.999932	0.000625707	0.075623	0.000625707	0.994247	
0.00165447	0.0100807	-0.0380825	0.0100807	0.999898	0.000384534	-0.0380825	0.000384534	0.998547	
0.109844	-0.00901174	-0.312422	-0.00901174	0.999909	-0.00316289	-0.312422	-0.00316289	0.890348	
0.00741508	0.00294606	0.0851596	0.00294606	0.999991	-0.00025276	0.0851596	-0.00025276	0.992694	
0.00514943	-0.000599045	0.0708737	-0.000599045	1	4.26763e-05	0.0708737	4.26763e-05	0.994951	
0.0696364	0.0633079	-0.246346	0.0633079	0.995692	0.0167629	-0.246346	0.0167629	0.934772	
0.022476	0.0411591	-0.142053	0.0411591	0.998267	0.00598119	-0.142053	0.00598119	0.979357	
0.00756866	0.00982597	0.0855312	0.00982597	0.999903	-0.000846836	0.0855312	-0.000846836	0.992629	
0.0383319	0.0217787	-0.190505	0.0217787	0.999507	0.00431432	-0.190505	0.00431432	0.962261	
0.0030834	0.00957064	-0.0536899	0.00957064	0.999908	0.000515436	-0.0536899	0.000515436	0.997108	
0.00648712	-0.00970615	0.0790663	-0.00970615	0.999905	0.000772441	0.0790663	0.000772441	0.993708	
0.00675284	-0.00565492	0.0810921	-0.00565492	0.999968	0.000461687	0.0810921	0.000461687	0.993379	
0.00660119	-0.00379122	0.0802739	-0.00379122	0.999986	0.000306358	0.0802739	0.000306358	0.993513	
0.449662	-0.341518	0.36163	-0.341518	0.788067	0.224413	0.36163	0.224413	0.762371	
0.999527	-0.00318006	0.0214987	-0.00318006	0.978601	0.144669	0.0214987	0.144669	0.0219718	
0.00676492	-0.000860031	0.0813578	-0.000860031	0.999999	7.04468e-05	0.0813578	7.04468e-05	0.993336	
0.0220318	-0.140727	-0.0405535	-0.140727	0.97975	-0.00583554	-0.0405535	-0.00583554	0.998318	
0.998977	-0.0110447	0.0299932	-0.0110447	0.880726	0.323904	0.0299932	0.323904	0.120397	
0.999997	-0.000474383	-0.00161333	-0.000474383	0.920429	-0.270613	-0.00161333	-0.270613	0.0796737	
0.00595928	-0.00875139	0.0758141	-0.00875139	0.999923	0.000667456	0.0758141	0.000667456	0.994218	
0.00165455	0.0108239	-0.037879	0.0108239	0.999883	0.000410679	-0.037879	0.000410679	0.998563	
0.107482	-0.00330494	-0.309564	-0.00330494	0.999988	-0.0011463	-0.309564	-0.0011463	0.89263	
0.00738281	0.0028465	0.0849761	0.0028465	0.999992	-0.000243684	0.0849761	-0.000243684	0.992725	
0.00515713	-0.000889495	0.0709243	-0.000889495	0.999999	6.34138e-05	0.0709243	6.34138e-05	0.994944	
0.0696364	0.0633079	-0.246346	0.0633079	0.995692	0.0167629	-0.246346	0.0167629	0.934772	
0.0221091	0.0431383	-0.14022	0.0431383	0.998097	0.0061856	-0.14022	0.0061856	0.979894	
0.00755445	0.00975429	0.0854575	0.00975429	0.999904	-0.000839923	0.0854575	-0.000839923	0.992641	
0.0381008	0.020189	-0.190119	0.020189	0.999576	0.00399035	-0.190119	0.00399035	0.962423	
0.00311623	0.00946079	-0.0540123	0.00946079	0.99991	0.000512596	-0.0540123	0.000512596	0.997074	
0.00649467	-0.00991895	0.079087	-0.00991895	0.999901	0.000789589	0.079087	0.000789589	0.993704	
0.00672768	-0.00568817	0.0809366	-0.00568817	0.999967	0.000463499	0.0809366	0.000463499	0.993405	
0.00660119	-0.00379122	0.0802739	-0.00379122	0.999986	0.000306358	0.0802739	0.000306358	0.993513	
0.372947	-0.299903	0.37928	-0.299903	0.856565	0.181399	0.37928	0.181399	0.770589	
0.999527	-0.00318006	0.0214987	-0.00318006	0.978601	0.144669	0.0214987	0.144669	0.0219718	
0.00676492	-0.000860031	0.0813578	-0.000860031	0.999999	7.04468e-05	0.0813578	7.04468e-05	0.993336	
0.0261292	-0.147763	-0.0592897	-0.147763	0.97758	-0.00899585	-0.0592897	-0.00899585	0.99639	
0.946033	0.069013	0.215143	0.069013	0.911747	-0.275124	0.215143	-0.275124	0.142321	
0.000799471	0.0192175	0.0181548	0.0192175	0.99963	-0.00034917	0.0181548	-0.00034917	0.99967	
0.0127171	-0.0184815	-0.110069	-0.0184815	0.999654	-0.00206043	-0.110069	-0.00206043	0.987729	
0.00357678	0.0308585	-0.0501208	0.0308585	0.999044	0.00155221	-0.0501208	0.00155221	0.997479	
0.00513624	0.0159948	0.0689532	0.0159948	0.999743	-0.00110858	0.0689532	-0.00110858	0.995221	
0.0118432	0.00194006	0.107705	0.00194006	0.999996	-0.000211459	0.107705	-0.000211459	0.988261	
0.0104995	0.0512795	0.0875258	0.0512795	0.997343	-0.0045359	0.0875258	-0.0045359	0.992258	
0.000649474	0.0186729	-0.0141577	0.0186729	0.999651	0.000264537	-0.0141577	0.000264537	0.999799	
0.00286334	0.015172	0.0502517	0.015172	0.999769	-0.00076461	0.0502517	-0.00076461	0.997468	
0.247763	-0.00514154	-0.431596	-0.00514154	0.999965	-0.00294996	-0.431596	-0.00294996	0.752372	
0.00232737	-0.000336876	0.0471389	-0.000336876	1	1.5917e-05	0.0471389	1.5917e-05	0.997773	
0.000468788	0.0116693	0.015246	0.0116693	0.999864	-0.000177994	0.015246	-0.000177994	0.999767	
0.000557067	-0.0011368	-0.0213429	-0.0011368	0.999999	-2.42761e-05	-0.0213429	-2.42761e-05	0.999544	
0.00120577	-0.0218502	-0.0250401	-0.0218502	0.999522	-0.000547793	-0.0250401	-0.000547793	0.999372	
0.00772895	0.0115436	0.0862365	0.0115436	0.999866	-0.00100323	0.0862365	-0.00100323	0.992505	
0.000354246	0.00284718	-0.015686	0.00284718	0.999992	4.46767e-05	-0.015686	4.46767e-05	0.999754	
0.000907064	-0.00762268	0.0273537	-0.00762268	0.999942	0.000208698	0.0273537	0.000208698	0.999251	
0.00626016	0.0752208	0.0215275	0.0752208	0.994306	-0.00162952	0.0215275	-0.00162952	0.999534	
0.00251783	0.0288459	-0.0397449	0.0288459	0.999166	0.00114937	-0.0397449	0.00114937	0.998416	
0.00200611	0.0396331	0.018207	0.0396331	0.998426	-0.000723052	0.018207	-0.000723052	0.999668	
0.00400878	0.0531507	-0.032682	0.0531507	0.997164	0.00174406	-0.032682	0.00174406	0.998928	
0.00295462	0.0196728	0.04959	0.0196728	0.999612	-0.000978464	0.04959	-0.000978464	0.997534	
0.000543394	0.0132948	0.0163218	0.0132948	0.999823	-0.000217113	0.0163218	-0.000217113	0.999733	
0.00241872	0.0337492	-0.0342652	0.0337492	0.998858	0.00115923	-0.0342652	0.00115923	0.998823	
0.000445335	0.00864563	0.0164449	0.00864563	0.999925	-0.00014224	0.0164449	-0.00014224	0.999729	
0.0012868	0.0263253	-0.0221867	0.0263253	0.999306	0.000584824	-0.0221867	0.000584824	0.999507	
0.00175133	0.0297685	-0.0276094	0.0297685	0.999112	0.000823331	-0.0276094	0.000823331	0.999236	
0.000272683	-0.0128644	-0.00267254	-0.0128644	0.999834	-3.43901e-05	-0.00267254	-3.43901e-05	0.999993	
0.00238141	0.0378291	-0.0290678	0.0378291	0.998566	0.00110223	-0.0290678	0.00110223	0.999153	
0.00497066	0.033047	-0.0612727	0.033047	0.998902	0.00203499	-0.0612727	0.00203499	0.996227	
0.00171431	0.0388114	0.0102576	0.0388114	0.998491	-0.000398796	0.0102576	-0.000398796	0.999895	
0.00248629	0.0485352	0.00496921	0.0485352	0.997638	-0.000241783	0.00496921	-0.000241783	0.999975	
0.00190937	0.0274321	-0.032456	0.0274321	0.999246	0.000892041	-0.032456	0.000892041	0.998945	
0.00602091	-0.00945206	0.0761309	-0.00945206	0.99991	0.000723953	0.0761309	0.000723953	0.994169	
0.00159037	0.00706314	-0.0379224	0.00706314	0.99995	0.000268278	-0.0379224	0.000268278	0.99856	
0.104867	0.0072841	-0.306149	0.0072841	0.999941	0.00249127	-0.306149	0.00249127	0.895292	
0.00730218	0.0026683	0.0845131	0.0026683	0.999993	-0.000227165	0.0845131	-0.000227165	0.992805	
0.00515886	-0.000969836	0.0709353	-0.000969836	0.999999	6.91524e-05	0.0709353	6.91524e-05	0.994942	
0.069658	0.0281559	-0.252824	0.0281559	0.999148	0.00765149	-0.252824	0.00765149	0.931294	
0.0223198	0.04039	-0.141748	0.04039	0.998331	0.0058559	-0.141748	0.0058559	0.979449	
0.00750868	0.00972507	0.0851967	0.00972507	0.999905	-0.000834812	0.0851967	-0.000834812	0.992687	
0.0367243	0.0230551	-0.186407	0.0230551	0.999448	0.00446148	-0.186407	0.00446148	0.963928	
0.00327249	0.0141708	-0.0544177	0.0141708	0.999799	0.000773677	-0.0544177	0.000773677	0.997029	
0.241588	0.048508	-0.425199	0.048508	0.996897	0.0271958	-0.425199	0.0271958	0.761614	
0.00648293	-0.00996417	0.079008	-0.00996417	0.9999	0.000792386	0.079008	0.000792386	0.993717	
0.00670338	-0.00571519	0.0807865	-0.00571519	0.999967	0.000464826	0.0807865	0.000464826	0.99343	
0.00677694	-0.0039005	0.0813417	-0.0039005	0.999985	0.000319438	0.0813417	0.000319438	0.993338	
0.375796	-0.216914	0.432966	-0.216914	0.924622	0.150457	0.432966	0.150457	0.699683	
0.00659686	0.000412554	0.0803357	0.000412554	1	-3.33629e-05	0.0803357	-3.33629e-05	0.993503	
0.0405466	-0.188197	-0.0582121	-0.188197	0.963085	-0.0114183	-0.0582121	-0.0114183	0.996468	
0.999757	0.00120516	-0.0155475	0.00120516	0.994029	0.0770253	-0.0155475	0.0770253	0.00631385	
0.980143	0.0548207	-0.128279	0.0548207	0.848652	0.354148	-0.128279	0.354148	0.171305	
0.975992	0.026009	0.150841	0.026009	0.971824	-0.163411	0.150841	-0.163411	0.0522846	
0.00602091	-0.00945206	0.0761309	-0.00945206	0.99991	0.000723953	0.0761309	0.000723953	0.994169	
0.00157204	0.00699261	-0.0376938	0.00699261	0.999951	0.000263993	-0.0376938	0.000263993	0.998577	
0.106446	0.0121022	-0.308026	0.0121022	0.999836	0.00417187	-0.308026	0.00417187	0.893818	
0.00730218	0.0026683	0.0845131	0.0026683	0.999993	-0.000227165	0.0845131	-0.000227165	0.992805	
0.00506684	-0.000834457	0.0702921	-0.000834457	0.999999	5.89545e-05	0.0702921	5.89545e-05	0.995034	
0.0701414	0.0295415	-0.253487	0.0295415	0.999061	0.00805326	-0.253487	0.00805326	0.930897	
0.0224689	0.041297	-0.141989	0.041297	0.998255	0.0059985	-0.141989	0.0059985	0.979376	
0.00751713	0.00962755	0.0852566	0.00962755	0.999907	-0.000827029	0.0852566	-0.000827029	0.992676	
0.0357159	0.0198649	-0.184253	0.0198649	0.999591	0.00379574	-0.184253	0.00379574	0.964793	
0.00327786	0.0146737	-0.0543334	0.0146737	0.999784	0.000799896	-0.0543334	0.000799896	0.997038	
0.220955	-0.0219923	-0.414213	-0.0219923	0.999379	-0.0116932	-0.414213	-0.0116932	0.779766	
0.00647641	-0.00993935	0.0789704	-0.00993935	0.999901	0.000790031	0.0789704	0.000790031	0.993723	
0.00670338	-0.00571519	0.0807865	-0.00571519	0.999967	0.000464826	0.0807865	0.000464826	0.99343	
0.0622906	-0.237299	-0.0447875	-0.237299	0.939949	-0.011334	-0.0447875	-0.011334	0.997861	
0.00677694	-0.0039005	0.0813417	-0.0039005	0.999985	0.000319438	0.0813417	0.000319438	0.993338	
0.42799	-0.24123	0.431932	-0.24123	0.898268	0.182156	0.431932	0.182156	0.673842	
0.0512864	-0.138955	-0.171034	-0.138955	0.979648	-0.0250508	-0.171034	-0.0250508	0.969166	
0.00636837	0.0012138	0.0789112	0.0012138	0.999999	-9.63963e-05	0.0789112	-9.63963e-05	0.993733	
0.0405466	-0.188197	-0.0582121	-0.188197	0.963085	-0.0114183	-0.0582121	-0.0114183	0.996468	
0.999757	0.00120516	-0.0155475	0.00120516	0.994029	0.0770253	-0.0155475	0.0770253	0.00631385	
0.980143	0.0548207	-0.128279	0.0548207	0.848652	0.354148	-0.128279	0.354148	0.171305	
0.975992	0.026009	0.150841	0.026009	0.971824	-0.163411	0.150841	-0.163411	0.0522846	
0.00606452	-0.00971501	0.0763804	-0.00971501	0.999905	0.000746564	0.0763804	0.000746564	0.99413	
0.00158514	0.0071337	-0.0378404	0.0071337	0.999949	0.000270371	-0.0378404	0.000270371	0.998566	
0.108471	0.015934	-0.310422	0.015934	0.999715	0.00554807	-0.310422	0.00554807	0.891914	
0.0116578	0.00120334	0.106872	0.00120334	0.999999	-0.00013012	0.106872	-0.00013012	0.988444	
0.00506684	-0.000834457	0.0702921	-0.000834457	0.999999	5.89545e-05	0.0702921	5.89545e-05	0.995034	
0.0695463	0.0264915	-0.252814	0.0264915	0.999246	0.00719802	-0.252814	0.00719802	0.931308	
0.0223569	0.0404804	-0.141847	0.0404804	0.998324	0.00587334	-0.141847	0.00587334	0.979419	
0.0103017	0.00560024	0.100325	0.00560024	0.999968	-0.000567694	0.100325	-0.000567694	0.98983	
0.0357159	0.0198649	-0.184253	0.0198649	0.999591	0.00379574	-0.184253	0.00379574	0.964793	
0.00333615	0.0152146	-0.0547163	0.0152146	0.999768	0.000835273	-0.0547163	0.000835273	0.996996	
0.00647017	-0.00987962	0.0789389	-0.00987962	0.999902	0.000784965	0.0789389	0.000784965	0.993728	
0.00667551	-0.00576341	0.0806126	-0.00576341	0.999967	0.000467726	0.0806126	0.000467726	0.993458	
0.0622906	-0.237299	-0.0447875	-0.237299	0.939949	-0.011334	-0.0447875	-0.011334	0.997861	
0.00677694	-0.0039005	0.0813417	-0.0039005	0.999985	0.000319438	0.0813417	0.000319438	0.993338	
0.42799	-0.24123	0.431932	-0.24123	0.898268	0.182156	0.431932	0.182156	0.673842	
0.0723833	-0.129439	-0.224269	-0.129439	0.981938	-0.0312944	-0.224269	-0.0312944	0.945778	
0.00636837	0.0012138	0.0789112	0.0012138	0.999999	-9.63963e-05	0.0789112	-9.63963e-05	0.993733	
0.0531258	-0.214172	-0.0658721	-0.214172	0.951557	-0.0148995	-0.0658721	-0.0148995	0.995417	
0.999872	0.00543067	-0.00991363	0.00543067	0.769234	0.42126	-0.00991363	0.42126	0.230993	
0.975992	0.026009	0.150841	0.026009	0.971824	-0.163411	0.150841	-0.163411	0.0522846	
0.000813731	0.0194166	0.0183342	0.0194166	0.999623	-0.000356279	0.0183342	-0.000356279	0.999664	
0.0345135	0.00225614	-0.182265	0.00225614	0.999995	0.000425916	-0.182265	0.000425916	0.965592	
0.00338468	0.0195633	-0.0537665	0.0195633	0.999616	0.00105542	-0.0537665	0.00105542	0.997099	
0.00528412	0.0156106	0.070093	0.0156106	0.999755	-0.00110001	0.070093	-0.00110001	0.995061	
0.0108318	0.00103471	0.103027	0.00103471	0.999999	-0.00010777	0.103027	-0.00010777	0.989269	
0.0119556	0.0340877	0.102722	0.0340877	0.998824	-0.00354393	0.102722	-0.00354393	0.98932	
0.00058389	0.0144931	-0.0165396	0.0144931	0.99979	0.00023985	-0.0165396	0.00023985	0.999726	
0.00230055	0.0117915	0.0453481	0.0117915	0.999861	-0.000535954	0.0453481	-0.000535954	0.997939	
0.227761	-0.0173302	-0.418937	-0.0173302	0.999611	-0.00940157	-0.418937	-0.00940157	0.772728	
0.00321255	0.0150266	0.0536354	0.0150266	0.999773	-0.000808553	0.0536354	-0.000808553	0.997114	
0.000466936	0.0170192	0.00878129	0.0170192	0.99971	-0.00014952	0.00878129	-0.00014952	0.999923	
0.000321935	0.00612999	-0.0135752	0.00612999	0.999962	8.32429e-05	-0.0135752	8.32429e-05	0.999816	
0.00149044	-0.0133292	-0.0347951	-0.0133292	0.999822	-0.000464485	-0.0347951	-0.000464485	0.998787	
0.00637218	-0.00332031	0.0788745	-0.00332031	0.999989	0.000263567	0.0788745	0.000263567	0.993739	
0.000264496	-0.00034912	-0.0128192	-0.00034912	1	-4.47662e-06	-0.0128192	-4.47662e-06	0.999836	
0.000912925	-0.00127545	0.0284703	-0.00127545	0.999998	3.63456e-05	0.0284703	3.63456e-05	0.999189	
0.00559057	0.05682	0.0472373	0.05682	0.996753	-0.00269911	0.0472373	-0.00269911	0.997756	
0.00145434	0.0252891	-0.0266988	0.0252891	0.99936	0.000676173	-0.0266988	0.000676173	0.999286	
0.0032853	0.0499775	0.0260209	0.0499775	0.997494	-0.00130475	0.0260209	-0.00130475	0.999321	
0.00473672	0.0474167	-0.0486458	0.0474167	0.997741	0.0023176	-0.0486458	0.0023176	0.997622	
0.00297616	0.0182785	0.0503338	0.0182785	0.999665	-0.000922774	0.0503338	-0.000922774	0.997459	
0.000714297	0.0181013	0.0169175	0.0181013	0.999672	-0.000306447	0.0169175	-0.000306447	0.999714	
0.00417248	0.0190218	-0.0607755	0.0190218	0.999637	0.00116091	-0.0607755	0.00116091	0.996291	
0.000452125	0.00845399	0.016748	0.00845399	0.999928	-0.000141652	0.016748	-0.000141652	0.999719	
0.00158246	0.0176239	-0.0341981	0.0176239	0.999689	0.000603659	-0.0341981	0.000603659	0.998829	
0.00359355	0.0320667	-0.049525	0.0320667	0.998968	0.00159383	-0.049525	0.00159383	0.997538	
0.000457041	-0.018364	-0.00443175	-0.018364	0.999663	-8.14219e-05	-0.00443175	-8.14219e-05	0.99998	
0.00232746	0.0395828	-0.0256024	0.0395828	0.99843	0.00101578	-0.0256024	0.00101578	0.999343	
0.00548971	0.0366421	-0.0633836	0.0366421	0.99865	0.00233533	-0.0633836	0.00233533	0.99596	
0.000991047	0.029814	-0.00113671	0.029814	0.99911	3.39235e-05	-0.00113671	3.39235e-05	0.999999	
0.00156909	0.0378498	0.00584606	0.0378498	0.998565	-0.00022162	0.00584606	-0.00022162	0.999966	
0.0024599	0.03125	-0.0371152	0.03125	0.999021	0.00116271	-0.0371152	0.00116271	0.998619	
0.0189149	-0.0122534	0.13531	-0.0122534	0.999847	0.00168998	0.13531	0.00168998	0.981338	
0.00158494	0.00600674	-0.038033	0.00600674	0.999964	0.000228817	-0.038033	0.000228817	0.998551	
0.108747	0.0207957	-0.310482	0.0207957	0.999515	0.00724452	-0.310482	0.00724452	0.891839	
0.0116578	0.00120334	0.106872	0.00120334	0.999999	-0.00013012	0.106872	-0.00013012	0.988444	
0.0203505	-0.00472387	0.14077	-0.00472387	0.999977	0.000678791	0.14077	0.000678791	0.979772	
0.0742609	0.022368	-0.261062	0.022368	0.99946	0.00630785	-0.261062	0.00630785	0.92638	
0.0221851	0.0423085	-0.140731	0.0423085	0.998169	0.00608919	-0.140731	0.00608919	0.979746	
0.0103017	0.00560024	0.100325	0.00560024	0.999968	-0.000567694	0.100325	-0.000567694	0.98983	
0.0318709	0.0162736	-0.174624	0.0162736	0.999726	0.00293531	-0.174624	0.00293531	0.968503	
0.00331617	0.0153613	-0.0544935	0.0153613	0.999763	0.000839874	-0.0544935	0.000839874	0.997021	
0.585845	-0.0948185	-0.48332	-0.0948185	0.978292	-0.110654	-0.48332	-0.110654	0.435963	
0.00648015	-0.00989244	0.0789996	-0.00989244	0.999902	0.000786597	0.0789996	0.000786597	0.993718	
0.00660842	-0.00585466	0.0801943	-0.00585466	0.999965	0.000472634	0.0801943	0.000472634	0.993526	
0.00677694	-0.0039005	0.0813417	-0.0039005	0.999985	0.000319438	0.0813417	0.000319438	0.993338	
0.297108	-0.139624	0.435051	-0.139624	0.972265	0.0864194	0.435051	0.0864194	0.730728	
0.00395587	0.0021309	0.0619361	0.0021309	0.999995	-0.000132504	0.0619361	-0.000132504	0.996149	
0.0131149	-0.11214	-0.0163938	-0.11214	0.987257	-0.00186284	-0.0163938	-0.00186284	0.999728	
0.999751	0.0072617	-0.0140029	0.0072617	0.788139	0.408536	-0.0140029	0.408536	0.21221	
0.999607	0.00191699	-0.0197164	0.00191699	0.99064	0.0962702	-0.0197164	0.0962702	0.00985278	
0.0189149	-0.0122534	0.13531	-0.0122534	0.999847	0.00168998	0.13531	0.00168998	0.981338	
0.00158494	0.00600674	-0.038033	0.00600674	0.999964	0.000228817	-0.038033	0.000228817	0.998551	
0.108613	0.0282782	-0.309721	0.0282782	0.999103	0.00982555	-0.309721	0.00982555	0.892384	
0.0116578	0.00120334	0.106872	0.00120334	0.999999	-0.00013012	0.106872	-0.00013012	0.988444	
0.0203505	-0.00472387	0.14077	-0.00472387	0.999977	0.000678791	0.14077	0.000678791	0.979772	
0.0736814	0.0201703	-0.260294	0.0201703	0.999561	0.00566782	-0.260294	0.00566782	0.926858	
0.0231524	0.0426502	-0.143874	0.0426502	0.998138	0.00628167	-0.143874	0.00628167	0.97881	
0.0103017	0.00560024	0.100325	0.00560024	0.999968	-0.000567694	0.100325	-0.000567694	0.98983	
0.0310323	0.0207339	-0.171879	0.0207339	0.999556	0.00367786	-0.171879	0.00367786	0.969511	
0.00327377	0.0156607	-0.0540196	0.0156607	0.999754	0.000848764	-0.0540196	0.000848764	0.997072	
0.357435	0.148753	-0.455504	0.148753	0.965564	0.105448	-0.455504	0.105448	0.677101	
0.0065423	-0.00971486	0.0794089	-0.00971486	0.999905	0.000776527	0.0794089	0.000776527	0.993653	
0.00660842	-0.00585466	0.0801943	-0.00585466	0.999965	0.000472634	0.0801943	0.000472634	0.993526	
0.00677694	-0.0039005	0.0813417	-0.0039005	0.999985	0.000319438	0.0813417	0.000319438	0.993338	
0.297108	-0.139624	0.435051	-0.139624	0.972265	0.0864194	0.435051	0.0864194	0.730728	
0.992602	-0.0851976	-0.00913527	-0.0851976	0.0187787	-0.105211	-0.00913527	-0.105211	0.988719	
0.00395587	0.0021309	0.0619361	0.0021309	0.999995	-0.000132504	0.0619361	-0.000132504	0.996149	
0.00734213	0.0162548	0.0832151	0.0162548	0.999734	-0.00136264	0.0832151	-0.00136264	0.993024	
0.999607	0.00191699	-0.0197164	0.00191699	0.99064	0.0962702	-0.0197164	0.0962702	0.00985278	
0.0189149	-0.0122534	0.13531	-0.0122534	0.999847	0.00168998	0.13531	0.00168998	0.981338	
0.00166661	0.00604612	-0.0390826	0.00604612	0.999963	0.000236693	-0.0390826	0.000236693	0.99847	
0.107031	0.0331632	-0.307223	0.0331632	0.998768	0.0114097	-0.307223	0.0114097	0.894301	
0.0116578	0.00120334	0.106872	0.00120334	0.999999	-0.00013012	0.106872	-0.00013012	0.988444	
0.0203505	-0.00472387	0.14077	-0.00472387	0.999977	0.000678791	0.14077	0.000678791	0.979772	
0.0732811	0.0219778	-0.25949	0.0219778	0.999479	0.00615401	-0.25949	0.00615401	0.92734	
0.023806	0.0445857	-0.145443	0.0445857	0.997964	0.00664283	-0.145443	0.00664283	0.97833	
0.0103017	0.00560024	0.100325	0.00560024	0.999968	-0.000567694	0.100325	-0.000567694	0.98983	
0.0298983	0.0158265	-0.169284	0.0158265	0.999742	0.00276174	-0.169284	0.00276174	0.97046	
0.00321695	0.0147271	-0.053759	0.0147271	0.999782	0.000794272	-0.053759	0.000794272	0.997101	
0.263068	0.17433	-0.404226	0.17433	0.95876	0.0956243	-0.404226	0.0956243	0.778272	
0.00726659	-0.00967209	0.0837912	-0.00967209	0.999906	0.000816369	0.0837912	0.000816369	0.992928	
0.00660842	-0.00585466	0.0801943	-0.00585466	0.999965	0.000472634	0.0801943	0.000472634	0.993526	
0.00677694	-0.0039005	0.0813417	-0.0039005	0.999985	0.000319438	0.0813417	0.000319438	0.993338	
0.278863	-0.1433	0.424843	-0.1433	0.971524	0.084422	0.424843	0.084422	0.749713	
0.978169	-0.146037	0.00502203	-0.146037	0.0230861	0.0335948	0.00502203	0.0335948	0.998845	
0.00395587	0.0021309	0.0619361	0.0021309	0.999995	-0.000132504	0.0619361	-0.000132504	0.996149	
0.00285195	-0.0508388	-0.0126298	-0.0508388	0.997408	-0.00064392	-0.0126298	-0.00064392	0.99984	
0.998593	-0.00663686	0.0368906	-0.00663686	0.968696	0.174003	0.0368906	0.174003	0.0328114	
0.999607	0.00191699	-0.0197164	0.00191699	0.99064	0.0962702	-0.0197164	0.0962702	0.00985278	
0.000595578	0.00717735	0.0210658	0.00717735	0.999948	-0.000151287	0.0210658	-0.000151287	0.999556	
0.0216275	0.00945846	-0.144819	0.00945846	0.999909	0.00140004	-0.144819	0.00140004	0.978564	
0.00344145	0.0130858	-0.0562024	0.0130858	0.999828	0.000737995	-0.0562024	0.000737995	0.99683	
0.00552956	0.0162344	0.0716657	0.0162344	0.999735	-0.00116992	0.0716657	-0.00116992	0.994835	
0.00942592	0.0121252	0.0953467	0.0121252	0.999852	-0.0011671	0.0953467	-0.0011671	0.990823	
0.00231356	0.0236861	0.0405882	0.0236861	0.999438	-0.000963605	0.0405882	-0.000963605	0.998349	
0.000439871	0.0130493	-0.0130168	0.0130493	0.99983	0.000169935	-0.0130168	0.000169935	0.99983	
0.00244329	0.00902079	0.0474994	0.00902079	0.999918	-0.000429532	0.0474994	-0.000429532	0.997738	
0.230322	-0.0122557	-0.420769	-0.0122557	0.999805	-0.00669996	-0.420769	-0.00669996	0.769973	
0.00270181	0.0280113	0.0425458	0.0280113	0.999213	-0.00119499	0.0425458	-0.00119499	0.998185	
0.000352414	0.0153614	0.00404401	0.0153614	0.999764	-6.21433e-05	0.00404401	-6.21433e-05	0.999984	
0.000254492	0.0100761	-0.00727504	0.0100761	0.999898	7.33224e-05	-0.00727504	7.33224e-05	0.999947	
0.00264795	0.00513629	-0.050148	0.00513629	0.999974	0.000258258	-0.050148	0.000258258	0.997479	
0.00184038	-0.0247061	0.0335677	-0.0247061	0.999388	0.000830856	0.0335677	0.000830856	0.998871	
0.000229655	-0.000212464	-0.0113833	-0.000212464	1	-2.4191e-06	-0.0113833	-2.4191e-06	0.99987	
0.000995865	0.011469	-0.0276303	0.011469	0.999868	0.000317208	-0.0276303	0.000317208	0.999236	
0.00997774	0.0388248	0.0909495	0.0388248	0.998477	-0.00356668	0.0909495	-0.00356668	0.991645	
0.00201472	0.0349169	-0.0262997	0.0349169	0.998778	0.000920156	-0.0262997	0.000920156	0.999307	
0.00381552	0.0271026	0.0544683	0.0271026	0.999263	-0.00148189	0.0544683	-0.00148189	0.997022	
0.00405124	0.0183218	-0.0599962	0.0183218	0.999663	0.00110371	-0.0599962	0.00110371	0.996386	
0.00325178	0.0227507	0.0512243	0.0227507	0.999481	-0.00116919	0.0512243	-0.00116919	0.997368	
0.000954595	0.0188412	0.0223335	0.0188412	0.999645	-0.000421193	0.0223335	-0.000421193	0.999501	
0.00265585	0.0207691	-0.0460185	0.0207691	0.999567	0.000958309	-0.0460185	0.000958309	0.997877	
0.000543649	0.00812293	0.0194275	0.00812293	0.999934	-0.000157894	0.0194275	-0.000157894	0.999622	
0.00446973	0.00213563	-0.0659214	0.00213563	0.999995	0.000141416	-0.0659214	0.000141416	0.995635	
0.00691355	0.0243143	-0.0785828	0.0243143	0.999405	0.00192399	-0.0785828	0.00192399	0.993782	
0.000706616	-0.024183	-0.00462269	-0.024183	0.999415	-0.00011187	-0.00462269	-0.00011187	0.999979	
0.00218101	0.039672	-0.0224188	0.039672	0.998423	0.000891341	-0.0224188	0.000891341	0.999496	
0.0865311	0.0231866	-0.280026	0.0231866	0.999411	0.0071079	-0.280026	0.0071079	0.914157	
0.000941016	0.0289648	-0.00112543	0.0289648	0.99916	3.26285e-05	-0.00112543	3.26285e-05	0.999999	
0.00119407	0.0319345	0.00854125	0.0319345	0.998979	-0.000273087	0.00854125	-0.000273087	0.999927	
0.00310575	0.0280284	-0.0470194	0.0280284	0.999212	0.00132199	-0.0470194	0.00132199	0.997782	
0.0189149	-0.0122534	0.13531	-0.0122534	0.999847	0.00168998	0.13531	0.00168998	0.981338	
0.0169471	-0.00851381	0.12841	-0.00851381	0.999926	0.0011121	0.12841	0.0011121	0.983227	
0.105633	0.0296662	-0.305787	0.0296662	0.999016	0.010143	-0.305787	0.010143	0.895451	
0.0116578	0.00120334	0.106872	0.00120334	0.999999	-0.00013012	0.106872	-0.00013012	0.988444	
0.0203505	-0.00472387	0.14077	-0.00472387	0.999977	0.000678791	0.14077	0.000678791	0.979772	
0.0691379	0.0201637	-0.252702	0.0201637	0.999563	0.00547385	-0.252702	0.00547385	0.931399	
0.024109	0.0447393	-0.146385	0.0447393	0.997949	0.00671096	-0.146385	0.00671096	0.978042	
0.0103017	0.00560024	0.100325	0.00560024	0.999968	-0.000567694	0.100325	-0.000567694	0.98983	
0.0304067	0.00985515	-0.171138	0.00985515	0.9999	0.00173948	-0.171138	0.00173948	0.969793	
0.00296638	0.0140418	-0.051582	0.0140418	0.999802	0.000726458	-0.051582	0.000726458	0.997331	
0.186219	0.226139	-0.316735	0.226139	0.937159	0.0880168	-0.316735	0.0880168	0.876722	
0.00726659	-0.00967209	0.0837912	-0.00967209	0.999906	0.000816369	0.0837912	0.000816369	0.992928	
0.00660842	-0.00585466	0.0801943	-0.00585466	0.999965	0.000472634	0.0801943	0.000472634	0.993526	
0.00677694	-0.0039005	0.0813417	-0.0039005	0.999985	0.000319438	0.0813417	0.000319438	0.993338	
0.2554	-0.14219	0.412163	-0.14219	0.972847	0.0787073	0.412163	0.0787073	0.771853	
0.00395587	0.0021309	0.0619361	0.0021309	0.999995	-0.000132504	0.0619361	-0.000132504	0.996149	
0.0141868	-0.0725355	-0.0928737	-0.0725355	0.994663	-0.00683358	-0.0928737	-0.00683358	0.99125	
0.998593	-0.00663686	0.0368906	-0.00663686	0.968696	0.174003	0.0368906	0.174003	0.0328114	
0.0189149	-0.0122534	0.13531	-0.0122534	0.999847	0.00168998	0.13531	0.00168998	0.981338	
0.0169471	-0.00851381	0.12841	-0.00851381	0.999926	0.0011121	0.12841	0.0011121	0.983227	
0.105692	0.0323364	-0.305592	0.0323364	0.998831	0.0110496	-0.305592	0.0110496	0.895577	
0.0116578	0.00120334	0.106872	0.00120334	0.999999	-0.00013012	0.106872	-0.00013012	0.988444	
0.0203505	-0.00472387	0.14077	-0.00472387	0.999977	0.000678791	0.14077	0.000678791	0.979772	
0.0691379	0.0201637	-0.252702	0.0201637	0.999563	0.00547385	-0.252702	0.00547385	0.931399	
0.023714	0.0457702	-0.144773	0.0457702	0.997854	0.00678722	-0.144773	0.00678722	0.978532	
0.0103845	0.0055609	0.100731	0.0055609	0.999969	-0.000566034	0.100731	-0.000566034	0.989747	
0.0319769	0.021045	-0.174398	0.021045	0.999542	0.00379145	-0.174398	0.00379145	0.968581	
0.00299844	0.015029	-0.0516128	0.015029	0.999773	0.00077802	-0.0516128	0.00077802	0.997328	
0.140147	0.216914	-0.270866	0.216914	0.945279	0.068331	-0.270866	0.068331	0.914674	
0.00726659	-0.00967209	0.0837912	-0.00967209	0.999906	0.000816369	0.0837912	0.000816369	0.992928	
0.00660842	-0.00585466	0.0801943	-0.00585466	0.999965	0.000472634	0.0801943	0.000472634	0.993526	
0.00677694	-0.0039005	0.0813417	-0.0039005	0.999985	0.000319438	0.0813417	0.000319438	0.993338	
0.646453	0.184407	-0.441033	0.184407	0.903815	0.230039	-0.441033	0.230039	0.449832	
0.00395587	0.0021309	0.0619361	0.0021309	0.999995	-0.000132504	0.0619361	-0.000132504	0.996149	
0.00731513	-0.0506548	-0.0677971	-0.0506548	0.997415	-0.00345955	-0.0677971	-0.00345955	0.99537	
0.996383	-0.00627514	0.0596969	-0.00627514	0.989112	0.103582	0.0596969	0.103582	0.0146047	
0.0183002	-0.0122959	0.133101	-0.0122959	0.999846	0.00166711	0.133101	0.00166711	0.981954	
0.0158648	-0.00833277	0.124279	-0.00833277	0.999929	0.00105228	0.124279	0.00105228	0.984306	
0.105889	0.0356472	-0.305477	0.0356472	0.998579	0.012179	-0.305477	0.012179	0.895632	
0.0110806	0.00118797	0.104199	0.00118797	0.999999	-0.000125172	0.104199	-0.000125172	0.989021	
0.0214585	-0.00520948	0.144475	-0.00520948	0.999972	0.000769145	0.144475	0.000769145	0.978669	
0.0693972	0.0180724	-0.253301	0.0180724	0.999649	0.00491915	-0.253301	0.00491915	0.931054	
0.0241597	0.0475802	-0.145652	0.0475802	0.99768	0.00710175	-0.145652	0.00710175	0.97826	
0.0103845	0.0055609	0.100731	0.0055609	0.999969	-0.000566034	0.100731	-0.000566034	0.989747	
0.0332552	0.0360957	-0.175356	0.0360957	0.998652	0.00654733	-0.175356	0.00654733	0.968193	
0.00299535	0.01663	-0.0510894	0.01663	0.999723	0.00085217	-0.0510894	0.00085217	0.997382	
0.110444	0.202861	-0.238756	0.202861	0.953738	0.0544476	-0.238756	0.0544476	0.935918	
0.00726659	-0.00967209	0.0837912	-0.00967209	0.999906	0.000816369	0.0837912	0.000816369	0.992928	
0.00652457	-0.00606479	0.079661	-0.00606479	0.999963	0.0004863	0.079661	0.0004863	0.993612	
0.00648289	-0.00372901	0.0795462	-0.00372901	0.999986	0.000298565	0.0795462	0.000298565	0.993631	
0.660154	0.184903	-0.436036	0.184903	0.899398	0.237238	-0.436036	0.237238	0.440548	
0.519286	-0.485318	-0.118518	-0.485318	0.510034	-0.119653	-0.118518	-0.119653	0.97078	
0.00388245	0.00206826	0.0613473	0.00206826	0.999996	-0.000127377	0.0613473	-0.000127377	0.996222	
0.00583861	-0.048383	-0.0580016	-0.048383	0.997645	-0.00282278	-0.0580016	-0.00282278	0.996616	
0.996065	-0.00341352	0.0625105	-0.00341352	0.997039	0.0542251	0.0625105	0.0542251	0.00699617	
0.999921	-0.00105323	0.00881757	-0.00105323	0.985936	0.117746	0.00881757	0.117746	0.0142432	
0.987411	0.0203801	-0.109607	0.0203801	0.967006	0.177444	-0.109607	0.177444	0.0456824	
0.995854	-0.00737364	0.0638255	-0.00737364	0.986885	0.113522	0.0638255	0.113522	0.0173607	
0.000276598	-0.011136	0.00724829	-0.011136	0.999876	8.07397e-05	0.00724829	8.07397e-05	0.999947	
0.0345991	0.0360829	-0.178895	0.0360829	0.998651	0.00668641	-0.178895	0.00668641	0.96685	
0.00351707	0.0123199	-0.0570374	0.0123199	0.999848	0.000705178	-0.0570374	0.000705178	0.996735	
0.00665129	0.0184294	0.0785371	0.0184294	0.999658	-0.00145709	0.0785371	-0.00145709	0.993791	
0.0106476	0.00664634	0.101937	0.00664634	0.999955	-0.000684797	0.101937	-0.000684797	0.989497	
0.00473004	0.0133289	0.0665619	0.0133289	0.999821	-0.000891413	0.0665619	-0.000891413	0.995548	
0.000333	0.0101162	-0.0114273	0.0101162	0.999898	0.00011564	-0.0114273	0.00011564	0.999869	
0.00201753	0.00819237	0.0429715	0.00819237	0.999933	-0.00035275	0.0429715	-0.00035275	0.99815	
0.239207	-0.00202963	-0.426505	-0.00202963	0.999995	-0.00113782	-0.426505	-0.00113782	0.760899	
0.00217562	0.0151761	0.0429045	0.0151761	0.999769	-0.000652541	0.0429045	-0.000652541	0.998155	
0.000807119	0.026351	0.00348865	0.026351	0.999305	-9.20039e-05	0.00348865	-9.20039e-05	0.999988	
0.000331906	0.00971129	-0.0117269	0.00971129	0.999906	0.000113921	-0.0117269	0.000113921	0.999862	
0.00123985	0.0146381	-0.0304	0.0146381	0.999785	0.000445552	-0.0304	0.000445552	0.999075	
0.000887169	-0.0261466	0.0101402	-0.0261466	0.999316	0.000265368	0.0101402	0.000265368	0.999897	
0.000225671	0.00605687	-0.00943168	0.00605687	0.999963	5.71394e-05	-0.00943168	5.71394e-05	0.999911	
0.00428922	0.0286583	-0.0578788	0.0286583	0.999175	0.00166585	-0.0578788	0.00166585	0.996636	
0.00883026	0.00572156	0.0928463	0.00572156	0.999967	-0.000535958	0.0928463	-0.000535958	0.991303	
0.00156566	0.034996	-0.0154483	0.034996	0.998773	0.000541477	-0.0154483	0.000541477	0.999761	
0.00264299	0.00186927	0.0503267	0.00186927	0.999996	-9.43233e-05	0.0503267	-9.43233e-05	0.997461	
0.00456849	0.0123155	-0.065547	0.0123155	0.999848	0.000810948	-0.065547	0.000810948	0.995684	
0.00333953	0.0248687	0.0510907	0.0248687	0.999379	-0.00127482	0.0510907	-0.00127482	0.997381	
0.000913749	0.020275	0.0200482	0.020275	0.999589	-0.000406849	0.0200482	-0.000406849	0.999598	
0.00383756	0.0181836	-0.0582458	0.0181836	0.999668	0.0010632	-0.0582458	0.0010632	0.996594	
0.000521418	0.011382	0.0170777	0.011382	0.99987	-0.00019448	0.0170777	-0.00019448	0.999708	
0.00432618	-0.00180523	-0.0648432	-0.00180523	0.999997	-0.000117565	-0.0648432	-0.000117565	0.995777	
0.00479815	0.0236188	-0.0641698	0.0236188	0.999439	0.00152292	-0.0641698	0.00152292	0.995862	
0.000814276	-0.0266913	-0.00112743	-0.0266913	0.999287	-3.01169e-05	-0.00112743	-3.01169e-05	0.999999	
0.00190806	0.0357509	-0.0229452	0.0357509	0.998719	0.000821879	-0.0229452	0.000821879	0.999473	
0.08693	0.0258538	-0.280381	0.0258538	0.999268	0.00793907	-0.280381	0.00793907	0.913902	
0.00105307	0.0193442	-0.0240389	0.0193442	0.999625	0.000465503	-0.0240389	0.000465503	0.999422	
0.000972342	0.0294399	0.00218828	0.0294399	0.999132	-6.44853e-05	0.00218828	-6.44853e-05	0.999995	
0.00348062	0.0338008	-0.0471842	0.0338008	0.998854	0.00160044	-0.0471842	0.00160044	0.997766	
0.0161863	-0.0124904	0.125179	-0.0124904	0.999841	0.00158926	0.125179	0.00158926	0.984072	
0.0132811	-0.00796488	0.113765	-0.00796488	0.999936	0.000918324	0.113765	0.000918324	0.986883	
0.105658	0.0340493	-0.305361	0.0340493	0.998704	0.0116257	-0.305361	0.0116257	0.895739	
0.00952463	0.00133904	0.0966078	0.00133904	0.999998	-0.000130606	0.0966078	-0.000130606	0.990577	
0.0167263	-0.00481201	0.127769	-0.00481201	0.999976	0.000625287	0.127769	0.000625287	0.983397	
0.072699	0.0136005	-0.259106	0.0136005	0.999801	0.00380025	-0.259106	0.00380025	0.9276	
0.0242706	0.050251	-0.145116	0.050251	0.997412	0.00747363	-0.145116	0.00747363	0.978417	
0.00981055	0.00619931	0.0978614	0.00619931	0.999961	-0.000612683	0.0978614	-0.000612683	0.990328	
0.0349618	0.0416893	-0.17862	0.0416893	0.998199	0.0077163	-0.17862	0.0077163	0.966939	
0.00248261	0.0159967	-0.0460522	0.0159967	0.999743	0.000738518	-0.0460522	0.000738518	0.997874	
0.0626289	0.191037	-0.14872	0.191037	0.961067	0.0303093	-0.14872	0.0303093	0.976405	
0.00730935	-0.00979228	0.0840284	-0.00979228	0.999903	0.000828888	0.0840284	0.000828888	0.992887	
0.00644928	-0.00631215	0.0791738	-0.00631215	0.99996	0.000503001	0.0791738	0.000503001	0.993691	
0.00575762	-0.00340544	0.074923	-0.00340544	0.999988	0.000256623	0.074923	0.000256623	0.994354	
0.658409	0.184817	-0.436709	0.184817	0.900005	0.236281	-0.436709	0.236281	0.441686	
0.00373234	0.00194268	0.060125	0.00194268	0.999996	-0.000117241	0.060125	-0.000117241	0.996371	
0.995717	-0.00352325	0.0652023	-0.00352325	0.997101	0.0536423	0.0652023	0.0536423	0.00728112	
0.999921	-0.00105323	0.00881757	-0.00105323	0.985936	0.117746	0.00881757	0.117746	0.0142432	
0.987411	0.0203801	-0.109607	0.0203801	0.967006	0.177444	-0.109607	0.177444	0.0456824	
0.995854	-0.00737364	0.0638255	-0.00737364	0.986885	0.113522	0.0638255	0.113522	0.0173607	
0.897806	0.0663612	-0.295527	0.0663612	0.956907	0.191905	-0.295527	0.191905	0.145387	
0.0165506	-0.0126526	0.126563	-0.0126526	0.999837	0.0016283	0.126563	0.0016283	0.983712	
0.0132821	-0.00811734	0.113759	-0.00811734	0.999933	0.000935851	0.113759	0.000935851	0.986885	
0.107274	0.0368123	-0.307119	0.0368123	0.998482	0.0126643	-0.307119	0.0126643	0.894344	
0.0095355	0.0012496	0.0966642	0.0012496	0.999998	-0.000121954	0.0966642	-0.000121954	0.990566	
0.0162921	-0.00490545	0.126112	-0.00490545	0.999976	0.000628882	0.126112	0.000628882	0.983832	
0.0722276	0.0147286	-0.258266	0.0147286	0.999766	0.00410004	-0.258266	0.00410004	0.928106	
0.0242594	0.0522434	-0.144374	0.0522434	0.997203	0.00773014	-0.144374	0.00773014	0.978638	
0.00969776	0.00631043	0.0972875	0.00631043	0.99996	-0.000619938	0.0972875	-0.000619938	0.990442	
0.0354723	0.0498764	-0.177848	0.0498764	0.997421	0.00919664	-0.177848	0.00919664	0.967207	
0.00265495	0.0158281	-0.0479337	0.0158281	0.999749	0.000760718	-0.0479337	0.000760718	0.997696	
