1105.17	17.1336	-12.7098	17.1336	0.765793	-0.197054	-12.7098	-0.197054	0.646363	
255.14	12.8193	10.8628	12.8193	1.14574	0.547321	10.8628	0.547321	0.963951	
962.165	15.3332	-13.1695	15.3332	0.74452	-0.209897	-13.1695	-0.209897	0.680518	
223.391	9.74554	9.95503	9.74554	0.926695	0.435802	9.95503	0.435802	0.94511	
347.039	-2.84775	-3.6546	-2.84775	0.523958	0.0302854	-3.6546	0.0302854	0.538657	
223.391	9.74554	9.95503	9.74554	0.926695	0.435802	9.95503	0.435802	0.94511	
3634.22	67.5062	153.959	67.5062	1.75412	2.86021	153.959	2.86021	7.02315	
347.039	-2.84775	-3.6546	-2.84775	0.523958	0.0302854	-3.6546	0.0302854	0.538657	
524.973	19.1406	11.6231	19.1406	1.19892	0.424302	11.6231	0.424302	0.75762	
3634.22	67.5062	153.959	67.5062	1.75412	2.86021	153.959	2.86021	7.02315	
395.056	-2.28194	-3.91055	-2.28194	0.513676	0.0228416	-3.91055	0.0228416	0.538864	
305.228	30.9257	24.8391	30.9257	3.63857	2.521	24.8391	2.521	2.52541	
218.205	9.52482	9.53226	9.52482	0.917305	0.417594	9.53226	0.417594	0.917885	
3634.22	67.5062	153.959	67.5062	1.75412	2.86021	153.959	2.86021	7.02315	
423.37	-1.9901	-3.90424	-1.9901	0.509811	0.0185807	-3.90424	0.0185807	0.536143	
501.885	46.1069	36.7483	46.1069	4.73995	3.37934	36.7483	3.37934	3.19385	
217.947	9.91487	9.10693	9.91487	0.952608	0.415794	9.10693	0.415794	0.881983	
3523.02	61.5203	153.357	61.5203	1.57446	2.67836	153.357	2.67836	7.17655	
499.466	-0.9806	-4.15925	-0.9806	0.502294	0.00834957	-4.15925	0.00834957	0.534754	
607.909	51.6172	42.0512	51.6172	4.88641	3.57339	42.0512	3.57339	3.41155	
536.954	21.2262	8.61926	21.2262	1.34018	0.341225	8.61926	0.341225	0.638593	
773.652	47.975	45.4847	47.975	3.47704	2.82252	45.4847	2.82252	3.17602	
2.37118	-1.08939	4.7946	-1.08939	1.14109	-2.77725	4.7946	-2.77725	12.8146	
3536.08	63.5231	150.959	63.5231	1.64132	2.71225	150.959	2.71225	6.94548	
377.596	2.10798	-1.57016	2.10798	0.512344	-0.00860591	-1.57016	-0.00860591	0.50659	
1090.01	96.6201	67.4853	96.6201	9.06851	5.98473	67.4853	5.98473	4.68029	
120.489	6.87007	3.60789	6.87007	0.893406	0.206904	3.60789	0.206904	0.610455	
1096.01	77.0811	64.2883	77.0811	5.92354	4.52346	64.2883	4.52346	4.27281	
1.52269	0.15867	1.12835	0.15867	0.52894	0.144304	1.12835	0.144304	1.96383	
3165.05	51.8498	136.558	51.8498	1.34956	2.23745	136.558	2.23745	6.39278	
669.414	11.1518	-4.01555	11.1518	0.686168	-0.06681	-4.01555	-0.06681	0.524179	
235.613	2.68442	3.37061	2.68442	0.531206	0.0379803	3.37061	0.0379803	0.548777	
692.368	55.8056	45.284	55.8056	5.00131	3.65245	45.284	3.65245	3.46416	
634.038	32.5288	5.03358	32.5288	2.17026	0.258596	5.03358	0.258596	0.540251	
1096.01	77.0811	64.2883	77.0811	5.92354	4.52346	64.2883	4.52346	4.27281	
2.08767	0.16324	2.151	0.16324	0.522898	0.192892	2.151	0.192892	3.54489	
3100.21	53.9012	127.495	53.9012	1.43731	2.21705	127.495	2.21705	5.74407	
304.077	2.67998	4.87131	2.67998	0.524039	0.0433906	4.87131	0.0433906	0.57856	
264.699	3.10317	4.99926	3.10317	0.537016	0.0582877	4.99926	0.0582877	0.594925	
1127.16	91.1489	65.3854	91.1489	7.87421	5.28974	65.3854	5.28974	4.29474	
968.416	45.9519	30.003	45.9519	2.68176	1.42445	30.003	1.42445	1.43003	
1096.01	77.0811	64.2883	77.0811	5.92354	4.52346	64.2883	4.52346	4.27281	
7.99812	1.64219	0.999493	1.64219	0.875791	0.203234	0.999493	0.203234	0.648451	
3330.77	61.8937	136.44	61.8937	1.65032	2.53577	136.44	2.53577	6.0899	
4979.03	123.623	212.025	123.623	3.56972	5.26484	212.025	5.26484	9.5297	
0.633534	0.258606	-0.777764	0.258606	1.02639	-1.47238	-0.777764	-1.47238	5.07489	
0.592885	0.212101	-0.531907	0.212101	1.02146	-1.17159	-0.531907	-1.17159	3.59576	
157.575	3.88639	2.93556	3.88639	0.59722	0.0733462	2.93556	0.0733462	0.555342	
539.105	1.64853	16.3226	1.64853	0.505358	0.0497814	16.3226	0.0497814	0.994763	
1920.83	159.675	135.983	159.675	13.777	11.307	135.983	11.307	10.1294	
437.576	43.5014	32.7097	43.5014	4.82963	3.25564	32.7097	3.25564	2.9484	
2209.25	185.849	434.779	185.849	16.1377	36.5832	434.779	36.5832	86.0834	
1213.57	88.1995	71.6871	88.1995	6.9128	5.21225	71.6871	5.21225	4.73653	
15.0633	4.17262	1.39956	4.17262	1.70198	0.393208	1.39956	0.393208	0.643889	
3025.81	60.3714	117.202	60.3714	1.70475	2.33882	117.202	2.33882	5.04045	
4979.03	123.623	212.025	123.623	3.56972	5.26484	212.025	5.26484	9.5297	
0.606409	0.126889	-0.180508	0.126889	0.859687	0.0142286	-0.180508	0.0142286	1.05892	
0.512101	0.060948	-0.0245126	0.060948	1.44026	0.32317	-0.0245126	0.32317	0.864632	
0.51692	0.0476222	-0.0759036	0.0476222	1.00496	0.0123191	-0.0759036	0.0123191	0.978148	
159.339	4.2363	4.06252	4.2363	0.613788	0.10911	4.06252	0.10911	0.604624	
438.86	3.3165	13.8287	3.3165	0.525527	0.104432	13.8287	0.104432	0.936328	
2096.12	178.256	142.999	178.256	15.6627	12.1637	142.999	12.1637	10.2579	
352.612	36.1795	27.5172	36.1795	4.21749	2.82757	27.5172	2.82757	2.65104	
39.1939	3.56566	6.40334	3.56566	0.828716	0.591003	6.40334	0.591003	1.56591	
1292.25	90.8351	78.6183	90.8351	6.88749	5.52844	78.6183	5.52844	5.28495	
61.8042	33.5826	3.47667	33.5826	18.9004	1.90549	3.47667	1.90549	0.697416	
3143.03	63.0176	123.464	63.0176	1.76371	2.47586	123.464	2.47586	5.3507	
4979.03	123.623	212.025	123.623	3.56972	5.26484	212.025	5.26484	9.5297	
0.50372	-0.0283559	-0.0217742	-0.0283559	0.771377	-0.0427668	-0.0217742	-0.0427668	1.41599	
0.694058	-0.243452	0.812412	-0.243452	0.871787	-1.29539	0.812412	-1.29539	5.05046	
0.801223	0.358892	0.766709	0.358892	1.13154	1.25081	0.766709	1.25081	3.00945	
0.54135	-0.143067	0.02271	-0.143067	1.02913	0.0421576	0.02271	0.0421576	0.939599	
0.616084	0.19	0.610874	0.19	1.04353	1.4412	0.610874	1.4412	4.55227	
145.466	5.07136	2.59305	5.07136	0.678776	0.0913632	2.59305	0.0913632	0.546693	
538.449	3.37918	20.9413	3.37918	0.521625	0.131466	20.9413	0.131466	1.31522	
1765.88	-86.6091	-89.4944	-86.6091	4.7491	4.39057	-89.4944	4.39057	5.03683	
166.153	15.5935	8.33224	15.5935	1.96855	0.78507	8.33224	0.78507	0.919879	
299.424	32.3102	23.8371	32.3102	3.99248	2.5768	23.8371	2.5768	2.40151	
30.7231	1.51143	6.11926	1.51143	0.575648	0.305305	6.11926	0.305305	1.74708	
2002.4	134.003	142.038	134.003	9.46995	9.50773	142.038	9.50773	10.5778	
1.26297	0.301886	0.704949	0.301886	0.628823	0.231665	0.704949	0.231665	1.38959	
2.45752	0.39367	3.58565	0.39367	0.589335	0.695963	3.58565	0.695963	7.13014	
3346.8	67.2343	125.51	67.2343	1.85089	2.52178	125.51	2.52178	5.20754	
4950.53	124.371	208.539	124.371	3.62484	5.23958	208.539	5.23958	9.2855	
0.618444	0.0404228	0.539506	0.0404228	0.527618	0.0525221	0.539506	0.0525221	4.21037	
1.12679	-0.719072	-0.946301	-0.719072	1.36825	1.19447	-0.946301	1.19447	2.20222	
0.801223	0.358892	0.766709	0.358892	1.13154	1.25081	0.766709	1.25081	3.00945	
0.815189	-3.35876	1.13211	-3.35876	36.8416	-12.2188	1.13211	-12.2188	4.60987	
0.865118	0.0393273	0.372016	0.0393273	0.534352	-0.0928906	0.372016	-0.0928906	1.46605	
1.18131	-0.629401	-0.943687	-0.629401	1.13226	0.991819	-0.943687	0.991819	2.09066	
0.602552	0.181429	-0.0809687	0.181429	1.06214	0.130276	-0.0809687	0.130276	0.874152	
0.525713	0.0409482	0.188012	0.0409482	0.569153	0.208655	0.188012	0.208655	3.96335	
0.63925	0.295458	0.0766104	0.295458	1.38675	0.485638	0.0766104	0.485638	0.943868	
152.767	6.20667	5.4702	6.20667	0.754048	0.223728	5.4702	0.223728	0.697055	
496.061	3.97098	20.5128	3.97098	0.532268	0.164324	20.5128	0.164324	1.34909	
2622.4	-117.215	-136.126	-117.215	5.74025	6.08567	-136.126	6.08567	7.56751	
30.4202	4.45502	3.15305	4.45502	1.16851	0.473501	3.15305	0.473501	0.835405	
261.901	27.66	21.8876	27.66	3.42692	2.3163	21.8876	2.3163	2.3335	
35.3284	2.14249	10.894	2.14249	0.631977	0.669045	10.894	0.669045	3.91442	
293.175	24.1031	67.0442	24.1031	2.485	5.52146	67.0442	5.52146	15.8589	
9.45549	3.12584	8.94921	3.12584	1.59169	3.12775	8.94921	3.12775	9.46913	
1.76635	0.290044	1.91754	0.290044	0.572895	0.408384	1.91754	0.408384	3.55044	
3330.48	71.0024	118.341	71.0024	2.01394	2.5233	118.341	2.5233	4.70561	
4960.91	117.449	210.874	117.449	3.28085	4.99291	210.874	4.99291	9.46458	
0.580749	0.137293	0.399099	0.137293	0.753563	0.84553	0.399099	0.84553	3.85716	
0.506553	0.0397581	-0.109141	0.0397581	2.70617	-4.85255	-0.109141	-4.85255	11.254	
0.754803	-0.342948	-0.0989642	-0.342948	0.999227	0.252445	-0.0989642	0.252445	0.916194	
4.79132	-3.37467	-12.7995	-3.37467	3.16	10.0826	-12.7995	10.0826	38.7241	
0.609283	0.195111	0.771733	0.195111	1.00888	1.95114	0.771733	1.95114	7.99729	
0.588601	0.179567	0.0282216	0.179567	0.892926	0.186741	0.0282216	0.186741	1.08771	
0.665192	-0.17902	0.927838	-0.17902	0.753216	-1.29829	0.927838	-1.29829	7.15922	
0.854409	-0.262873	0.0060139	-0.262873	0.752847	0.150511	0.0060139	0.150511	0.915111	
4.79132	-3.37467	-12.7995	-3.37467	3.16	10.0826	-12.7995	10.0826	38.7241	
0.899112	0.291545	-0.155641	0.291545	0.728288	-0.194554	-0.155641	-0.194554	0.987496	
0.526024	-0.13613	0.174735	-0.13613	1.67693	-1.86051	0.174735	-1.86051	3.60045	
4.60438	-7.56558	-8.52912	-7.56558	14.4761	15.7486	-8.52912	15.7486	18.2477	
4.79132	-3.37467	-12.7995	-3.37467	3.16	10.0826	-12.7995	10.0826	38.7241	
117.52	4.4203	3.77514	4.4203	0.668469	0.143539	3.77514	0.143539	0.622376	
520.828	3.595	20.4686	3.595	0.525254	0.141344	20.4686	0.141344	1.3052	
4633.39	-177.32	-224.021	-177.32	7.28679	8.57424	-224.021	8.57424	11.3325	
1954.69	175.949	163.628	175.949	16.342	14.7326	163.628	14.7326	14.2009	
231.975	24.2695	20.1314	24.2695	3.04466	2.111	20.1314	2.111	2.25178	
33.9549	2.27326	12.57	2.27326	0.65447	0.854009	12.57	0.854009	5.2303	
101.306	6.94033	17.6953	6.94033	0.977856	1.21854	17.6953	1.21854	3.60862	
2.8673	1.70408	3.21963	1.70408	1.73238	2.34	3.21963	2.34	4.96639	
1.76635	0.290044	1.91754	0.290044	0.572895	0.408384	1.91754	0.408384	3.55044	
3897.85	76.6598	143.547	76.6598	2.00788	2.82354	143.547	2.82354	5.78715	
4861.28	111.168	204.749	111.168	3.04247	4.6827	204.749	4.6827	9.12458	
0.792421	-0.273508	0.381546	-0.273508	0.822021	-0.560311	0.381546	-0.560311	1.62302	
0.585809	-0.961367	-1.13098	-0.961367	12.176	13.8007	-1.13098	13.8007	16.8164	
0.530265	-0.0991666	-0.470035	-0.0991666	0.827154	1.51039	-0.470035	1.51039	8.19881	
0.525972	0.0561735	-0.105377	0.0561735	0.916208	-0.0202422	-0.105377	-0.0202422	1.07388	
1.12071	-5.63628	1.95216	-5.63628	51.9566	-17.8041	1.95216	-17.8041	6.66142	
0.685328	0.184682	0.338876	0.184682	0.955943	0.877123	0.338876	0.877123	2.18981	
0.595589	-0.0700875	-0.545069	-0.0700875	0.612279	0.341442	-0.545069	0.341442	3.66376	
0.585809	-0.961367	-1.13098	-0.961367	12.176	13.8007	-1.13098	13.8007	16.8164	
0.500309	-0.0076505	-0.0129103	-0.0076505	0.853302	0.131056	-0.0129103	0.131056	1.25559	
0.568521	0.0976084	-0.162348	0.0976084	0.864348	-0.00959719	-0.162348	-0.00959719	1.10274	
1.55622	-8.11541	2.70042	-8.11541	62.9721	-20.7729	2.70042	-20.7729	7.40916	
2.40277	0.730529	0.828731	0.730529	0.796838	0.360568	0.828731	0.360568	0.970757	
0.654939	0.145308	0.258094	0.145308	0.648074	0.152161	0.258094	0.152161	1.61486	
0.585809	-0.961367	-1.13098	-0.961367	12.176	13.8007	-1.13098	13.8007	16.8164	
0.536511	0.0247936	-0.238013	0.0247936	0.662213	-0.106353	-0.238013	-0.106353	2.07261	
0.500309	-0.0076505	-0.0129103	-0.0076505	0.853302	0.131056	-0.0129103	0.131056	1.25559	
0.560414	0.085217	-0.164567	0.085217	0.846306	-0.019437	-0.164567	-0.019437	1.14835	
352.847	4.33351	5.75272	4.33351	0.553723	0.071068	5.75272	0.071068	0.594158	
486.857	3.88154	18.9505	3.88154	0.531426	0.151158	18.9505	0.151158	1.23841	
2970.53	-86.8977	-130.159	-86.8977	3.04249	3.80823	-130.159	3.80823	6.20409	
79.2833	12.4005	10.9595	12.4005	2.45405	1.72645	10.9595	1.72645	2.02549	
272.057	30.3811	21.7858	30.3811	3.89916	2.43771	21.7858	2.43771	2.24846	
173.881	17.5259	71.0724	17.5259	2.27163	7.18397	71.0724	7.18397	29.6352	
420.45	44.0072	142.119	44.0072	5.11173	14.8931	142.119	14.8931	48.596	
95.2029	7.16734	18.6213	7.16734	1.04249	1.40967	18.6213	1.40967	4.16402	
1.01314	0.880921	0.908274	0.880921	2.28345	1.76341	0.908274	1.76341	2.26138	
0.930072	0.350036	0.717356	0.350036	0.826852	0.509351	0.717356	0.509351	1.82885	
3728.89	74.228	134.639	74.228	1.9778	2.68053	134.639	2.68053	5.36211	
4485.34	95.0335	186.93	95.0335	2.51376	3.96105	186.93	3.96105	8.29134	
0.513898	0.0562718	-0.00645092	0.0562718	0.962918	0.438155	-0.00645092	0.438155	1.41993	
1.07465	-0.095236	-0.581658	-0.095236	0.596789	0.256342	-0.581658	0.256342	1.40456	
0.504	-0.0392084	-0.029801	-0.0392084	1.1449	0.0799541	-0.029801	0.0799541	0.894721	
2.99731	-14.7433	5.17379	-14.7433	87.5775	-30.5497	5.17379	-30.5497	11.2195	
1.00423	0.151866	-0.110875	0.151866	0.570618	-0.138402	-0.110875	-0.138402	0.967608	
4.36482	-3.11252	-5.75833	-3.11252	3.02968	4.64213	-5.75833	4.64213	9.08048	
2.83216	-13.7638	4.77667	-13.7638	81.7685	-28.1953	4.77667	-28.1953	10.284	
1084.14	25.3291	-1.47607	25.3291	1.0922	-0.0344405	-1.47607	-0.0344405	0.502035	
1.01358	0.157531	-0.144172	0.157531	0.573054	-0.148152	-0.144172	-0.148152	0.977177	
4.36482	-3.11252	-5.75833	-3.11252	3.02968	4.64213	-5.75833	4.64213	9.08048	
0.503531	-0.0301241	-0.0334259	-0.0301241	1.21961	0.130174	-0.0334259	0.130174	0.868288	
0.504	-0.0392084	-0.029801	-0.0392084	1.1449	0.0799541	-0.029801	0.0799541	0.894721	
118.656	3.80772	3.08047	3.80772	0.624111	0.100236	3.08047	0.100236	0.580974	
553.464	7.24023	16.5085	7.24023	0.595183	0.216239	16.5085	0.216239	0.99287	
192.957	0.482718	-4.46927	0.482718	0.502453	-0.0111272	-4.46927	-0.0111272	0.603792	
3080.58	-87.3354	-141.81	-87.3354	2.97641	4.02102	-141.81	4.02102	7.02907	
116.18	16.8104	15.2581	16.8104	2.94433	2.21824	15.2581	2.21824	2.51316	
318.638	35.2906	24.4675	35.2906	4.4149	2.71445	24.4675	2.71445	2.38231	
36.8438	5.31334	11.1457	5.31334	1.27886	1.6326	11.1457	1.6326	3.92286	
81.0613	5.86403	15.3561	5.86403	0.926924	1.11826	15.3561	1.11826	3.43003	
0.659775	0.778341	0.372041	0.778341	5.46909	2.2747	0.372041	2.2747	1.54783	
1.73747	0.403178	2.03	0.403178	0.648497	0.62261	2.03	0.62261	3.91787	
4121.91	67.606	147.016	67.606	1.60898	2.41159	147.016	2.41159	5.74423	
4582.52	99.9547	188.57	99.9547	2.68047	4.11359	188.57	4.11359	8.26052	
0.759617	4.19473	-2.05362	4.19473	68.9408	-33.4877	-2.05362	-33.4877	16.8859	
2188.38	36.7153	-13.1585	36.7153	1.11619	-0.220803	-13.1585	-0.220803	0.579141	
0.994731	0.318519	-0.354812	0.318519	0.722094	-0.310149	-0.354812	-0.310149	1.14666	
0.566648	-2.67288	-0.983506	-2.67288	107.703	39.4416	-0.983506	39.4416	15.0134	
1.32633	-1.23501	-1.96507	-1.23501	2.37851	3.0192	-1.96507	3.0192	5.37999	
4.85419	25.9816	-2.08931	25.9816	155.534	-12.4673	-2.08931	-12.4673	1.50409	
0.555463	-0.182806	0.000352371	-0.182806	1.1396	0.116947	0.000352371	0.116947	0.876248	
4655.82	16.5192	-46.4619	16.5192	0.55862	-0.164866	-46.4619	-0.164866	0.963709	
0.972983	0.199896	-0.10196	0.199896	0.606423	-0.141798	-0.10196	-0.141798	0.966033	
2.71826	8.17615	-4.38013	8.17615	30.7239	-16.1898	-4.38013	-16.1898	9.17233	
0.566648	-2.67288	-0.983506	-2.67288	107.703	39.4416	-0.983506	39.4416	15.0134	
0.756405	-0.30832	-0.0396213	-0.30832	0.912872	0.177544	-0.0396213	0.177544	0.906687	
4.85419	25.9816	-2.08931	25.9816	155.534	-12.4673	-2.08931	-12.4673	1.50409	
0.554914	-0.0122396	0.247644	-0.0122396	0.645811	0.279809	0.247644	0.279809	2.40115	
4655.82	16.5192	-46.4619	16.5192	0.55862	-0.164866	-46.4619	-0.164866	0.963709	
0.952545	0.130783	0.034456	0.130783	0.538031	0.0209135	0.034456	0.0209135	1.0125	
2.71826	8.17615	-4.38013	8.17615	30.7239	-16.1898	-4.38013	-16.1898	9.17233	
0.931039	0.164461	0.210707	0.164461	0.670204	0.30331	0.210707	0.30331	1.06544	
69.2639	276.933	-66.5146	276.933	1115.79	-267.874	-66.5146	-267.874	64.8388	
0.554914	-0.0122396	0.247644	-0.0122396	0.645811	0.279809	0.247644	0.279809	2.40115	
136.576	4.56438	3.14365	4.56438	0.654236	0.106307	3.14365	0.106307	0.573277	
163.7	-0.281893	1.75846	-0.281893	0.50145	-0.00233082	1.75846	-0.00233082	0.519466	
174.206	-0.274977	-0.0685021	-0.274977	0.501483	0.000706585	-0.0685021	0.000706585	0.500369	
2779.76	-77.9758	-123.239	-77.9758	2.68774	3.45764	-123.239	3.45764	5.96469	
74.6806	6.74246	8.44526	6.74246	1.11574	0.768692	8.44526	0.768692	1.46187	
409.83	40.9093	34.4674	40.9093	4.58883	3.44503	34.4674	3.44503	3.4026	
109.8	17.8322	63.7812	17.8322	3.4094	10.4063	63.7812	10.4063	37.721	
121.439	20.7171	58.3545	20.7171	4.04967	9.99717	58.3545	9.99717	28.6578	
66.0649	4.49416	11.9562	4.49416	0.808199	0.820265	11.9562	0.820265	2.68391	
0.642621	0.683193	0.101336	0.683193	5.09812	0.525495	0.101336	0.525495	0.573214	
2980.96	49.456	119.509	49.456	1.32065	1.98307	119.509	1.98307	5.29204	
3957.78	81.9554	166.952	81.9554	2.1973	3.45758	166.952	3.45758	7.54347	
54.9328	6.10246	3.22509	6.10246	1.18817	0.360171	3.22509	0.360171	0.691567	
4655.82	16.5192	-46.4619	16.5192	0.55862	-0.164866	-46.4619	-0.164866	0.963709	
1.01565	0.376009	-0.503994	0.376009	0.789472	-0.442365	-0.503994	-0.442365	1.35909	
1.54599	1.43187	0.836508	1.43187	2.49752	1.20949	0.836508	1.20949	1.27977	
0.905446	-0.239162	-0.00390457	-0.239162	0.704655	0.164041	-0.00390457	0.164041	0.911482	
2.36859	7.66111	-2.7245	7.66111	31.9108	-11.1681	-2.7245	-11.1681	4.4783	
4655.82	16.5192	-46.4619	16.5192	0.55862	-0.164866	-46.4619	-0.164866	0.963709	
0.991957	0.237622	-0.224166	0.237622	0.625222	-0.174944	-0.224166	-0.174944	1.02758	
0.855939	-0.398242	-0.204636	-0.398242	0.990133	0.355181	-0.204636	0.355181	0.9752	
13.6602	48.8882	-29.0403	48.8882	182.12	-107.887	-29.0403	-107.887	64.5878	
0.872153	0.234876	-0.0148213	0.234876	0.656239	-0.0711181	-0.0148213	-0.0711181	0.977295	
0.886969	-0.302039	-0.0759098	-0.302039	0.792087	0.208098	-0.0759098	0.208098	0.908157	
3.09278	13.0133	-7.68156	13.0133	65.8365	-38.5742	-7.68156	-38.5742	23.2761	
133.924	4.17177	3.36572	4.17177	0.631684	0.106085	3.36572	0.106085	0.585481	
156.675	-0.264495	1.84057	-0.264495	0.501462	-0.00237986	1.84057	-0.00237986	0.522228	
91.3254	0.955468	1.69325	0.955468	0.51173	0.0191233	1.69325	0.0191233	0.53259	
3113.76	-90.0258	-140.59	-90.0258	3.10329	4.06545	-140.59	4.06545	6.84885	
1542.33	-78.0019	-75.1431	-78.0019	4.44626	3.80152	-75.1431	3.80152	4.1622	
554.57	60.3486	47.0482	60.3486	7.07343	5.12456	47.0482	5.12456	4.49509	
155.046	14.7173	11.2623	14.7173	1.902	1.07323	11.2623	1.07323	1.32181	
68.5009	17.7924	42.8546	17.7924	5.15726	11.2118	42.8546	11.2118	27.5078	
17.4003	3.4864	7.93211	3.4864	1.21954	1.63845	7.93211	1.63845	4.23705	
294.258	6.87115	19.7438	6.87115	0.660798	0.462056	19.7438	0.462056	1.82773	
230.248	24.3993	52.5098	24.3993	3.09139	5.57615	52.5098	5.57615	12.5021	
1.22498	1.84497	2.30691	1.84497	5.33407	6.03889	2.30691	6.03889	8.04422	
4.46612	-0.0392186	7.76665	-0.0392186	0.500424	-0.0783003	7.76665	-0.0783003	15.7717	
568.311	10.4692	33.4485	10.4692	0.693048	0.616802	33.4485	0.616802	2.47075	
3343.53	73.9317	142.155	73.9317	2.13503	3.1438	142.155	3.1438	6.54484	
54.9328	6.10246	3.22509	6.10246	1.18817	0.360171	3.22509	0.360171	0.691567	
0.603143	0.206783	-0.191702	0.206783	0.942549	-0.290013	-0.191702	-0.290013	1.17412	
0.953295	-0.498524	-0.423529	-0.498524	1.09329	0.58649	-0.423529	0.58649	1.21929	
1.19984	-9.77725	-28.0753	-9.77725	137.109	392.275	-28.0753	392.275	1126.92	
2.42316	-4.00281	-3.97244	-4.00281	8.89534	8.30662	-3.97244	8.30662	8.72854	
4.79132	-3.37467	-12.7995	-3.37467	3.16	10.0826	-12.7995	10.0826	38.7241	
4.79132	-3.37467	-12.7995	-3.37467	3.16	10.0826	-12.7995	10.0826	38.7241	
0.614734	0.301443	0.000128539	0.301443	1.42494	0.185876	0.000128539	0.185876	0.758907	
2.83548	-4.72065	-4.88399	-4.72065	10.0959	9.90903	-4.88399	9.90903	10.7389	
2.32111	-8.95081	-25.9917	-8.95081	44.5064	127.784	-25.9917	127.784	371.556	
499.876	12.2114	14.1279	12.2114	0.798796	0.345697	14.1279	0.345697	0.899959	
186.468	-0.879254	1.32332	-0.879254	0.504926	-0.00562122	1.32332	-0.00562122	0.509942	
102.891	0.862497	1.4576	0.862497	0.508824	0.0134173	1.4576	0.0134173	0.521583	
2736.68	-78.6393	-118.059	-78.6393	2.76016	3.39309	-118.059	3.39309	5.59392	
1542.33	-78.0019	-75.1431	-78.0019	4.44626	3.80152	-75.1431	3.80152	4.1622	
360.051	39.6547	30.9079	39.6547	4.87409	3.409	30.9079	3.409	3.15698	
133.706	11.6902	8.39366	11.6902	1.52642	0.737433	8.39366	0.737433	1.03026	
308.041	84.3078	205.825	84.3078	23.6122	56.4241	205.825	56.4241	138.251	
29.6791	5.74027	12.4968	5.74027	1.62939	2.45947	12.4968	2.45947	5.86035	
294.258	6.87115	19.7438	6.87115	0.660798	0.462056	19.7438	0.462056	1.82773	
363.31	43.7675	94.8029	43.7675	5.78044	11.4364	94.8029	11.4364	25.2722	
67.0691	7.94669	25.3831	7.94669	1.45187	3.03029	25.3831	3.03029	10.1787	
707.14	64.2526	947.489	64.2526	6.34234	86.1523	947.489	86.1523	1270.93	
537.143	22.2253	43.0194	22.2253	1.42071	1.78187	43.0194	1.78187	3.94878	
322.41	4.53961	25.0859	4.53961	0.564037	0.353647	25.0859	0.353647	2.45561	
63.8697	7.44967	3.37577	7.44967	1.37932	0.395791	3.37577	0.395791	0.680148	
0.67863	0.162266	0.290935	0.162266	0.956499	0.844139	0.290935	0.844139	2.06163	
2.66491	-4.40295	-4.98732	-4.40295	9.51087	10.1971	-4.98732	10.1971	12.0411	
36.62	-76.0742	-264.139	-76.0742	160.724	556.317	-264.139	556.317	1932.1	
0.500969	0.00332714	-0.0210761	0.00332714	1.03586	-0.0110058	-0.0210761	-0.0110058	0.96562	
0.505192	-0.0393899	-0.00668362	-0.0393899	0.811049	-0.0473928	-0.00668362	-0.0473928	1.29725	
0.67863	0.162266	0.290935	0.162266	0.956499	0.844139	0.290935	0.844139	2.06163	
2.66491	-4.40295	-4.98732	-4.40295	9.51087	10.1971	-4.98732	10.1971	12.0411	
1.8699	-0.217898	-1.10638	-0.217898	0.545343	0.218771	-1.10638	0.218771	1.56492	
63.4929	-134.47	-439.514	-134.47	287.552	938.225	-439.514	938.225	3067.07	
0.500969	0.00332714	-0.0210761	0.00332714	1.03586	-0.0110058	-0.0210761	-0.0110058	0.96562	
0.510681	0.0247138	-0.0725192	0.0247138	0.946949	-0.0188886	-0.0725192	-0.0188886	1.04925	
6.35416	-10.108	-12.1203	-10.108	17.9719	20.9482	-12.1203	20.9482	25.6164	
43.6651	-51.6397	-174.23	-51.6397	62.2782	208.436	-174.23	208.436	703.755	
0.500105	-0.00382938	-0.00743142	-0.00382938	0.901853	0.0932946	-0.00743142	0.0932946	1.14342	
0.517296	0.0534132	-0.0686097	0.0534132	1.05588	0.040652	-0.0686097	0.040652	0.935294	
204.542	9.34876	-2.39651	9.34876	0.928354	-0.109678	-2.39651	-0.109678	0.529306	
198.902	-0.951197	0.902023	-0.951197	0.505259	-0.00372695	0.902023	-0.00372695	0.504612	
59.3509	1.70782	1.39022	1.70782	0.552492	0.0422692	1.39022	0.0422692	0.534106	
2628.57	-75.9622	-111.362	-75.9622	2.69565	3.21884	-111.362	3.21884	5.21885	
1548.34	-78.2397	-75.3967	-78.2397	4.45494	3.81112	-75.3967	3.81112	4.17264	
143.524	12.7736	11.6586	12.7736	1.64231	1.0418	11.6586	1.0418	1.45056	
149.94	13.2546	9.9394	13.2546	1.67646	0.882391	9.9394	0.882391	1.16187	
2373.88	681.599	1705.07	681.599	196.245	489.668	1705.07	489.668	1225.44	
105.332	24.2989	58.9568	24.2989	6.13225	13.6657	58.9568	13.6657	33.6592	
344.835	11.6217	19.9698	11.6217	0.892506	0.674331	19.9698	0.674331	1.65857	
267.086	32.7127	78.096	32.7127	4.51479	9.58353	78.096	9.58353	23.3784	
4.98948	-0.222656	0.712846	-0.222656	0.541476	-0.00836253	0.712846	-0.00836253	0.637125	
95.6835	51.1778	148.774	51.1778	28.017	79.992	148.774	79.992	233.04	
2395.19	87.364	187.408	87.364	3.68727	6.83714	187.408	6.83714	15.1666	
1153.2	23.1266	154.104	23.1266	0.963995	3.09174	154.104	3.09174	21.1022	
0.552867	0.0738099	0.104182	0.0738099	0.982241	-0.204225	0.104182	-0.204225	1.02777	
77.517	9.60154	3.67964	9.60154	1.69998	0.457969	3.67964	0.457969	0.675997	
10.4784	-15.8252	-54.3419	-15.8252	25.5998	86.1896	-54.3419	86.1896	296.464	
0.515577	-0.124398	-0.0504412	-0.124398	1.50334	0.357303	-0.0504412	0.357303	0.872882	
9.09629	-27.1251	-62.5874	-27.1251	86.0916	197.491	-62.5874	197.491	456.188	
0.509746	0.0468275	-0.0295565	0.0468275	1.39713	0.281769	-0.0295565	0.281769	0.856832	
0.553733	0.453634	-1.77856	0.453634	4.59821	-16.0837	-1.77856	-16.0837	63.6228	
0.616616	-0.9349	-1.64522	-0.9349	8.25729	13.7096	-1.64522	13.7096	24.7417	
0.544134	0.139354	0.00194041	0.139354	1.15046	-0.314608	0.00194041	-0.314608	0.988896	
0.504734	-0.0531595	-0.0356516	-0.0531595	1.3751	0.246858	-0.0356516	0.246858	0.853229	
316.244	15.5359	-3.0961	15.5359	1.26448	-0.152168	-3.0961	-0.152168	0.531056	
206.619	-1.27083	1.13989	-1.27083	0.508546	-0.0064613	1.13989	-0.0064613	0.506756	
129.809	4.89311	7.47368	4.89311	0.686948	0.283205	7.47368	0.283205	0.932046	
1178.07	-40.4448	-48.8892	-40.4448	1.88926	1.67921	-48.8892	1.67921	2.52976	
1844.45	-89.7834	-91.4124	-89.7834	4.8717	4.45094	-91.4124	4.45094	5.03169	
272.025	27.8496	26.9418	27.8496	3.35732	2.76341	26.9418	2.76341	3.17327	
134.196	11.5219	10.4405	11.5219	1.49429	0.900557	10.4405	0.900557	1.31579	
1017.42	270.58	769.692	270.58	72.4954	204.798	769.692	204.798	583.067	
89.6283	19.9638	50.6134	19.9638	4.97168	11.3367	50.6134	11.3367	29.2444	
1077.43	30.8607	38.9855	30.8607	1.38451	1.11724	38.9855	1.11724	1.91133	
91.0721	12.9951	28.9334	12.9951	2.36605	4.15263	28.9334	4.15263	9.74397	
307.495	22.5096	92.186	22.5096	2.15112	6.75916	92.186	6.75916	28.1821	
4.32738	1.94436	-0.108391	1.94436	1.51493	-0.0267063	-0.108391	-0.0267063	0.532664	
4.3834	3.10842	5.33696	3.10842	3.00809	4.26924	5.33696	4.26924	7.83493	
2274.07	87.4589	174.354	87.4589	3.86435	6.70703	174.354	6.70703	13.8709	
1963.31	98.1596	287.8	98.1596	5.40901	14.3928	287.8	14.3928	42.6991	
0.542389	0.0318926	0.13364	0.0318926	0.998927	-0.0343355	0.13364	-0.0343355	0.959633	
74.3506	9.09942	3.62104	9.09942	1.62427	0.445337	3.62104	0.445337	0.677768	
0.511851	-0.547446	0.178288	-0.547446	44.3174	-14.2089	0.178288	-14.2089	5.10768	
1.04984	-0.894014	0.271879	-0.894014	2.37898	-0.528739	0.271879	-0.528739	0.652098	
15.7298	24.1154	9.41175	24.1154	38.6925	14.9008	9.41175	14.9008	6.31691	
1.21539	1.44364	1.64231	1.44364	3.52235	3.46594	1.64231	3.46594	4.48139	
0.548919	-1.32427	-1.37198	-1.32427	36.6982	37.5472	-1.37198	37.5472	39.4522	
0.505462	-0.237289	-0.0495018	-0.237289	10.834	2.13081	-0.0495018	2.13081	0.963473	
0.521808	0.863149	0.992456	0.863149	36.7287	41.7469	0.992456	41.7469	48.6094	
0.585036	0.216905	-0.096667	0.216905	1.21798	-0.555648	-0.096667	-0.555648	1.18984	
0.75377	-0.0711057	0.343357	-0.0711057	0.596964	0.112281	0.343357	0.112281	1.52879	
0.500394	0.415221	-0.173328	0.415221	477.325	-199.178	-0.173328	-199.178	83.7008	
0.51966	-0.859018	0.28446	-0.859018	49.2861	-16.1302	0.28446	-16.1302	5.8332	
1.04984	-0.894014	0.271879	-0.894014	2.37898	-0.528739	0.271879	-0.528739	0.652098	
17.946	44.7018	6.63862	44.7018	115.039	17.0101	6.63862	17.0101	3.02799	
8.41904	0.674208	4.59463	0.674208	0.557615	0.388609	4.59463	0.388609	3.19654	
1.01825	1.07725	0.973034	1.07725	2.84661	2.17959	0.973034	2.17959	2.55646	
1.15145	2.39062	-6.89625	2.39062	9.28504	-25.3248	-6.89625	-25.3248	73.5296	
0.562485	-1.9403	-2.09581	-1.9403	61.124	65.5169	-2.09581	65.5169	71.3079	
1.44659	0.524574	-0.295907	0.524574	1.03453	-0.17738	-0.295907	-0.17738	0.593238	
14.4129	31.7421	-10.7538	31.7421	72.9318	-24.5411	-10.7538	-24.5411	8.81529	
0.745285	6.40058	-2.65025	6.40058	167.524	-69.1614	-2.65025	-69.1614	29.1397	
0.62633	-3.12391	1.02927	-3.12391	79.477	-26.0116	1.02927	-26.0116	9.06715	
9.19109	22.7477	2.7792	22.7477	60.0392	7.27329	2.7792	7.27329	1.39211	
0.825147	0.747879	-4.23299	0.747879	2.22022	-9.73688	-4.23299	-9.73688	55.7332	
0.952616	0.103169	-0.234774	0.103169	0.805267	0.145284	-0.234774	0.145284	0.762046	
1.41425	-14.7246	-15.1654	-14.7246	237.656	244.256	-15.1654	244.256	252.07	
0.849794	-0.522765	-0.410814	-0.522765	1.64151	0.958894	-0.410814	0.958894	1.31276	
5.61007	36.7021	10.762	36.7021	264.146	77.306	10.762	77.306	23.1677	
83.3792	154.508	-59.2489	154.508	288.543	-110.456	-59.2489	-110.456	42.8568	
0.942952	-0.113164	0.0973948	-0.113164	0.606231	0.158343	0.0973948	0.158343	0.955603	
675.187	32.8651	-0.00505028	32.8651	2.10095	-0.000147331	-0.00505028	-0.000147331	0.500286	
92.5478	1.30695	1.59987	1.30695	0.520198	0.0240124	1.59987	0.0240124	0.528831	
134.808	4.77997	8.29576	4.77997	0.671775	0.295739	8.29576	0.295739	1.01255	
821.808	-25.1255	-32.3887	-25.1255	1.26884	0.990942	-32.3887	0.990942	1.77732	
319.353	-8.60579	-10.2001	-8.60579	0.732736	0.275653	-10.2001	0.275653	0.82657	
151.304	20.339	17.8806	20.339	3.24338	2.41213	17.8806	2.41213	2.62145	
136.027	10.7534	11.4182	10.7534	1.35484	0.906511	11.4182	0.906511	1.46216	
2650.31	626.855	1930.23	626.855	148.793	456.628	1930.23	456.628	1406.56	
172.368	34.656	108.086	34.656	7.48833	21.7943	108.086	21.7943	68.4745	
1103.43	31.4735	39.3793	31.4735	1.39829	1.1238	39.3793	1.1238	1.90603	
34.3947	4.50809	12.61	4.50809	1.10018	1.67916	12.61	1.67916	5.19807	
307.495	22.5096	92.186	22.5096	2.15112	6.75916	92.186	6.75916	28.1821	
7.47863	4.05546	2.77836	4.05546	2.86664	1.60277	2.77836	1.60277	1.62018	
2.34809	2.11781	2.14428	2.11781	2.98828	2.46077	2.14428	2.46077	2.98814	
754.672	42.1561	60.6298	42.1561	2.85657	3.38917	60.6298	3.38917	5.3743	
470.181	47.833	66.1665	47.833	5.37151	6.73827	66.1665	6.73827	9.82155	
0.618275	0.171825	0.0839945	0.171825	0.905133	-0.137198	0.0839945	-0.137198	0.991748	
93.1198	12.1594	4.12143	12.1594	2.09882	0.540489	4.12143	0.540489	0.683534	
1.26891	4.95111	-1.86842	4.95111	32.5346	-12.0646	-1.86842	-12.0646	5.04752	
0.921753	-6.13386	1.99166	-6.13386	90.1969	-29.114	1.99166	-29.114	9.9501	
1.05766	-0.951979	0.269043	-0.951979	2.5479	-0.545887	0.269043	-0.545887	0.647541	
9.49667	29.1138	-3.8114	29.1138	94.7146	-12.3353	-3.8114	-12.3353	2.1173	
1.40416	-26.6564	-28.1137	-26.6564	786.453	828.922	-28.1137	828.922	874.74	
2.8126	0.934483	-0.20625	0.934483	0.956498	-0.0417516	-0.20625	-0.0417516	0.540321	
162.222	307.113	-136.733	307.113	583.715	-259.659	-136.733	-259.659	116.106	
0.88926	-0.138577	0.148149	-0.138577	0.622494	0.129049	0.148149	0.129049	1.0081	
22.9601	90.2375	-36.9037	90.2375	363.047	-148.267	-36.9037	-148.267	61.1358	
1.01294	7.72943	-2.40359	7.72943	117.402	-36.3487	-2.40359	-36.3487	11.8021	
1.07034	-1.03085	0.222813	-1.03085	2.78277	-0.490449	0.222813	-0.490449	0.605389	
3.93107	16.9607	-3.21132	16.9607	84.3768	-15.8878	-3.21132	-15.8878	3.51073	
0.662228	-0.0776755	-0.745131	-0.0776755	0.586816	0.285033	-0.745131	0.285033	4.02618	
1.40416	-26.6564	-28.1137	-26.6564	786.453	828.922	-28.1137	828.922	874.74	
1.93123	34.8887	-9.0348	34.8887	850.979	-220.241	-9.0348	-220.241	57.5342	
9.67211	23.2884	-9.635	23.2884	59.6466	-24.4737	-9.635	-24.4737	10.6275	
0.901098	0.213047	0.110183	0.213047	0.728524	0.283944	0.110183	0.283944	0.970739	
15.3774	55.8861	-23.1519	55.8861	210.439	-86.9694	-23.1519	-86.9694	36.5287	
1.08739	6.42087	-1.97055	6.42087	71.0703	-21.6551	-1.97055	-21.6551	7.14505	
1.05766	-0.951979	0.269043	-0.951979	2.5479	-0.545887	0.269043	-0.545887	0.647541	
6.92649	32.5795	-7.26787	32.5795	165.695	-36.854	-7.26787	-36.854	8.7221	
4876.66	-271.631	-201.207	-271.631	15.6315	11.2085	-201.207	11.2085	8.80252	
0.662228	-0.0776755	-0.745131	-0.0776755	0.586816	0.285033	-0.745131	0.285033	4.02618	
0.500709	-0.257228	0.109356	-0.257228	119.663	-50.4126	0.109356	-50.4126	21.8293	
5.31934	136.862	-39.0919	136.862	3887.17	-1110.15	-39.0919	-1110.15	317.593	
2.36242	-5.04549	-28.9542	-5.04549	14.1708	78.4537	-28.9542	78.4537	450.733	
1.76724	-3.37555	-9.07903	-3.37555	9.49953	24.1913	-9.07903	24.1913	65.5527	
711.672	30.7598	-1.38097	30.7598	1.83051	-0.0595965	-1.38097	-0.0595965	0.502901	
159.961	0.234812	1.70614	0.234812	0.501394	0.00321346	1.70614	0.00321346	0.518723	
135.312	4.8722	8.00118	4.8722	0.677775	0.289599	8.00118	0.289599	0.974986	
373.172	-9.36316	0.308624	-9.36316	0.73549	-0.00745036	0.308624	-0.00745036	0.500629	
725.259	-20.5419	-25.34	-20.5419	1.08245	0.718337	-25.34	0.718337	1.38604	
377.225	-8.51625	-12.1199	-8.51625	0.692861	0.274287	-12.1199	0.274287	0.890189	
158.599	21.7161	18.3407	21.7161	3.48315	2.51983	18.3407	2.51983	2.62891	
125.61	10.0185	11.3692	10.0185	1.3041	0.910845	11.3692	0.910845	1.53326	
584.687	133.149	408.313	133.149	30.8478	93.0639	408.313	93.0639	285.888	
82.093	16.6292	54.5957	16.6292	3.88914	11.1271	54.5957	11.1271	37.034	
1235.2	32.2237	46.6764	32.2237	1.3411	1.21825	46.6764	1.21825	2.26458	
45.4241	6.61814	17.9676	6.61814	1.47667	2.64948	17.9676	2.64948	7.68999	
307.495	22.5096	92.186	22.5096	2.15112	6.75916	92.186	6.75916	28.1821	
4.31399	6.45338	4.21171	6.45338	11.4213	7.1216	4.21171	7.1216	5.16206	
1.5797	2.4806	0.659288	2.4806	6.20523	1.50133	0.659288	1.50133	0.932087	
452.937	24.6028	45.5453	24.6028	1.83789	2.4768	45.5453	2.4768	5.08536	
87.0866	8.43325	17.3489	8.43325	1.3215	1.69032	17.3489	1.69032	3.97882	
1.34624	0.772155	1.73247	0.772155	1.20638	1.56568	1.73247	1.56568	4.17182	
247.643	22.4304	20.5847	22.4304	2.53581	1.86848	20.5847	1.86848	2.21542	
4.92586	0.765495	0.485826	0.765495	0.658437	0.0569317	0.485826	0.0569317	0.581528	
2.59492	9.26703	-3.47466	9.26703	41.5686	-15.4082	-3.47466	-15.4082	6.28211	
1.06588	5.50685	-1.6584	5.50685	54.489	-16.2549	-1.6584	-16.2549	5.39401	
1.06477	-1.13161	0.156387	-1.13161	3.18076	-0.402217	0.156387	-0.402217	0.562409	
1.77343	-0.0978503	3.24	-0.0978503	0.532845	-0.240056	3.24	-0.240056	8.74672	
0.582438	1.98504	-0.49653	1.98504	50.8234	-12.5495	-0.49653	-12.5495	3.63012	
4876.66	-271.631	-201.207	-271.631	15.6315	11.2085	-201.207	11.2085	8.80252	
0.515358	0.116926	-0.271558	0.116926	1.92051	-2.93748	-0.271558	-2.93748	6.72897	
0.893046	-11.0301	4.97333	-11.0301	310.1	-139.601	4.97333	-139.601	63.4481	
10.1268	113.122	-34.6035	113.122	1329.79	-406.622	-34.6035	-406.622	124.883	
11.0199	-48.0956	-134.338	-48.0956	220.386	614.174	-134.338	614.174	1715.97	
1.09662	-0.301971	-0.435929	-0.301971	0.719434	0.371289	-0.435929	0.371289	1.15931	
0.541595	-0.206942	-0.0723771	-0.206942	1.53807	0.40742	-0.0723771	0.40742	0.889707	
151.022	393.452	-157.107	393.452	1028.95	-410.666	-157.107	-410.666	164.481	
0.954713	6.25555	-2.10309	6.25555	86.9552	-29.0509	-2.10309	-29.0509	10.2623	
13.5386	5.40379	37.7104	5.40379	2.7412	15.6278	37.7104	15.6278	109.567	
0.66222	2.05408	-0.521295	2.05408	27.857	-6.91208	-0.521295	-6.91208	2.24709	
4876.66	-271.631	-201.207	-271.631	15.6315	11.2085	-201.207	11.2085	8.80252	
0.978593	-4.28142	2.436	-4.28142	39.0628	-21.9157	2.436	-21.9157	12.9574	
3.08041	41.5687	-14.1037	41.5687	670.203	-227.219	-14.1037	-227.219	77.5913	
8.93464	-12.0426	-38.5717	-12.0426	17.6961	55.0786	-38.5717	55.0786	176.915	
0.963205	-0.132344	0.0390034	-0.132344	0.613781	0.167503	0.0390034	0.167503	0.923389	
0.533705	-0.0620633	0.119503	-0.0620633	0.696389	0.0221554	0.119503	0.0221554	1.63817	
49.5858	146.754	-61.2517	146.754	439.263	-183.129	-61.2517	-183.129	76.9338	
2.47557	19.7283	-6.73332	19.7283	197.585	-67.26	-6.73332	-67.26	23.4545	
1.07104	-1.10278	0.185981	-1.10278	3.04534	-0.447506	0.185981	-0.447506	0.579348	
7.12153	35.9032	-8.42002	35.9032	195.191	-45.6556	-8.42002	-45.6556	11.207	
1.52713	0.483775	1.54809	0.483775	0.780259	0.822864	1.54809	0.822864	3.0009	
4876.66	-271.631	-201.207	-271.631	15.6315	11.2085	-201.207	11.2085	8.80252	
0.683086	0.178673	0.324183	0.178673	0.963093	0.872801	0.324183	0.872801	2.14637	
26.4628	313.548	-108.967	313.548	3787.18	-1315.98	-108.967	-1315.98	457.844	
110.385	-132.838	-424.844	-132.838	161.086	513.586	-424.844	513.586	1643.05	
0.500922	0.0571022	0.011844	0.0571022	6.86764	1.76516	0.011844	1.76516	1.02805	
0.541595	-0.206942	-0.0723771	-0.206942	1.53807	0.40742	-0.0723771	0.40742	0.889707	
303.088	14.57	4.47555	14.57	1.20219	0.215812	4.47555	0.215812	0.566349	
161.15	0.599296	1.05837	0.599296	0.50339	0.00458509	1.05837	0.00458509	0.507324	
151.611	5.74757	6.71372	5.74757	0.719999	0.255907	6.71372	0.255907	0.798501	
516.515	-13.7601	-2.84079	-13.7601	0.86714	0.0759698	-2.84079	0.0759698	0.51586	
640.693	-15.0663	-15.6678	-15.0663	0.854848	0.368856	-15.6678	0.368856	0.883509	
347.71	-8.64343	-11.0769	-8.64343	0.715574	0.276075	-11.0769	0.276075	0.853647	
2645.74	208.196	253.343	208.196	16.8862	19.9396	253.343	19.9396	24.7634	
138.08	10.0547	13.2565	10.0547	1.23652	0.969133	13.2565	0.969133	1.77738	
36.7319	8.00857	27.1986	8.00857	2.27056	6.01342	27.1986	6.01342	20.9238	
115.4	25.3394	85.6502	25.3394	6.08881	18.8898	85.6502	18.8898	64.3481	
1211.76	31.8856	45.8547	31.8856	1.33949	1.20716	45.8547	1.20716	2.23596	
41.8196	6.02027	19.1781	6.02027	1.37856	2.79677	19.1781	2.79677	9.40582	
316.025	20.5638	104.708	20.5638	1.84063	6.8245	104.708	6.8245	35.2478	
1.5407	3.17915	2.44144	3.17915	10.213	7.46429	2.44144	7.46429	6.25843	
1.08556	0.494993	0.591846	0.494993	0.931789	0.563159	0.591846	0.563159	1.39395	
709.885	44.0308	53.4694	44.0308	3.23296	3.31872	53.4694	3.31872	4.5305	
1726.22	241.992	550.263	241.992	34.4339	77.1618	550.263	77.1618	175.957	
762.035	20.2634	92.4883	20.2634	1.0392	2.46092	92.4883	2.46092	11.733	
4.92586	0.765495	0.485826	0.765495	0.658437	0.0569317	0.485826	0.0569317	0.581528	
1.13786	3.63965	-1.54363	3.63965	21.5638	-8.94907	-1.54363	-8.94907	4.30286	
4.32168	1.38047	3.56679	1.38047	1.03145	1.31267	3.56679	1.31267	3.84686	
2.142	-27.7882	6.26164	-27.7882	470.775	-105.97	6.26164	-105.97	24.3795	
4876.66	-271.631	-201.207	-271.631	15.6315	11.2085	-201.207	11.2085	8.80252	
0.683086	0.178673	0.324183	0.178673	0.963093	0.872801	0.324183	0.872801	2.14637	
11.1201	144.351	-49.4949	144.351	1962.55	-672.746	-49.4949	-672.746	231.171	
218.896	-227.605	-779.872	-227.605	237.704	812.759	-779.872	812.759	2785.36	
0.833605	0.020768	0.413648	0.020768	0.59342	0.250402	0.413648	0.250402	1.56071	
0.500922	0.0571022	0.011844	0.0571022	6.86764	1.76516	0.011844	1.76516	1.02805	
0.541595	-0.206942	-0.0723771	-0.206942	1.53807	0.40742	-0.0723771	0.40742	0.889707	
4652.15	34.7051	24.846	34.7051	0.758929	0.18537	24.846	0.18537	0.632714	
1.45917	0.0709133	2.60205	0.0709133	0.524388	0.240023	2.60205	0.240023	7.67748	
32.3887	14.2528	85.0481	14.2528	6.87142	38.0135	85.0481	38.0135	227.326	
8.30019	-115.847	29.7067	-115.847	1721.07	-441.204	29.7067	-441.204	113.638	
4876.66	-271.631	-201.207	-271.631	15.6315	11.2085	-201.207	11.2085	8.80252	
2.40277	0.730529	0.828731	0.730529	0.796838	0.360568	0.828731	0.360568	0.970757	
3.23224	23.3052	-7.27617	23.3052	199.292	-62.0629	-7.27617	-62.0629	19.8771	
300.148	-322.314	-1088.66	-322.314	347.195	1171.01	-1088.66	1171.01	3955.75	
0.777827	-0.0507958	0.364195	-0.0507958	0.590452	0.146246	0.364195	0.146246	1.53551	
0.64571	-0.387229	-0.160786	-0.387229	1.5804	0.548623	-0.160786	0.548623	0.964256	
3284.34	41.1467	29.0512	41.1467	1.01558	0.364025	29.0512	0.364025	0.757029	
5.10752	3.20571	7.50766	3.20571	2.73265	5.21669	7.50766	5.21669	12.7537	
9.1626	-111.32	30.2557	-111.32	1431.04	-388.806	30.2557	-388.806	106.174	
4876.66	-271.631	-201.207	-271.631	15.6315	11.2085	-201.207	11.2085	8.80252	
0.683086	0.178673	0.324183	0.178673	0.963093	0.872801	0.324183	0.872801	2.14637	
40.5801	387.192	-109.066	387.192	3740.95	-1053.63	-109.066	-1053.63	297.292	
300.148	-322.314	-1088.66	-322.314	347.195	1171.01	-1088.66	1171.01	3955.75	
0.912684	-0.353405	-0.17287	-0.353405	0.856151	0.289013	-0.17287	0.289013	0.943813	
0.536861	-0.101212	0.0626657	-0.101212	0.786192	-0.0955467	0.0626657	-0.0955467	1.313	
0.596965	-0.30692	-0.104201	-0.30692	1.51056	0.43668	-0.104201	0.43668	0.904174	
331.785	11.931	6.71701	11.931	0.930312	0.242134	6.71701	0.242134	0.636273	
191.476	-0.212553	1.47969	-0.212553	0.501094	-0.00106027	1.47969	-0.00106027	0.511866	
70.831	1.67541	1.75948	1.67541	0.542332	0.043533	1.75948	0.043533	0.5451	
513.933	-12.3652	-4.24423	-12.3652	0.798066	0.102428	-4.24423	0.102428	0.535251	
497.814	-10.5794	-13.6018	-10.5794	0.725381	0.289554	-13.6018	0.289554	0.872144	
426.614	-9.68495	-12.1163	-9.68495	0.720471	0.275642	-12.1163	0.275642	0.844709	
3480.29	261.302	355.437	261.302	20.1214	26.6901	355.437	26.6901	36.8054	
128.935	8.42223	14.2801	8.42223	1.05402	0.936945	14.2801	0.936945	2.08789	
17.3063	3.72341	12.2218	3.72341	1.32639	2.71215	12.2218	2.71215	9.40117	
272.005	77.4599	208.817	77.4599	22.5995	59.575	208.817	59.575	161.104	
1229.02	31.015	46.5093	31.015	1.28311	1.17424	46.5093	1.17424	2.2608	
2484.89	-26.8261	77.9375	-26.8261	0.789706	-0.841539	77.9375	-0.841539	2.94498	
19.0663	2.81575	9.7446	2.81575	0.929811	1.48325	9.7446	1.48325	5.62498	
137.618	9.61128	48.9819	9.61128	1.17427	3.4342	48.9819	3.4342	17.9987	
